time,ax,ay,az,gx,gy,gz,label
1632,-1.408,0.067,12.711,0.013,-0.004,-0.074,0
1656,-1.477,0.038,12.720,-0.064,0.027,-0.082,0
1680,-1.434,0.024,12.723,0.043,0.011,-0.036,0
1704,-1.422,0.031,12.735,-0.109,0.050,0.117,0
1728,-1.472,0.045,12.723,0.013,0.004,-0.082,0
1752,-1.441,0.036,12.742,-0.018,-0.080,-0.051,0
1776,-1.405,0.036,12.699,-0.002,-0.019,-0.082,0
1800,-1.429,0.062,12.732,-0.025,0.057,0.002,0
1824,-1.480,0.022,12.766,0.020,0.027,0.025,0
1848,-1.453,0.050,12.689,0.005,-0.141,-0.020,0
1872,-1.444,0.026,12.730,0.059,-0.034,0.064,0
1896,-1.432,0.048,12.661,0.043,-0.050,0.018,0
1920,-1.444,0.057,12.680,0.036,-0.004,0.064,0
1944,-1.439,0.038,12.728,-0.041,-0.057,0.086,0
1968,-1.437,0.024,12.692,-0.002,0.019,-0.043,0
1992,-1.420,0.053,12.701,0.020,-0.027,-0.066,0
2016,-1.460,0.031,12.704,-0.033,-0.019,0.048,0
2040,-1.429,0.002,12.716,0.013,-0.011,0.102,0
2064,-1.451,0.026,12.787,-0.071,0.019,0.018,0
2088,-1.434,0.007,12.656,-0.102,0.065,-0.005,0
2112,-1.437,0.053,12.747,0.020,-0.080,-0.066,0
2136,-1.437,0.029,12.708,0.043,0.011,-0.097,0
2160,-1.425,0.024,12.752,-0.041,-0.011,-0.043,0
2184,-1.429,0.031,12.704,-0.041,-0.034,0.109,0
2208,-1.463,0.026,12.759,-0.018,0.011,0.140,0
2232,-1.448,0.005,12.725,0.020,-0.027,0.064,0
2256,-1.415,0.024,12.711,0.013,0.050,0.140,0
2280,-1.429,0.053,12.677,-0.056,-0.019,0.048,0
2304,-1.453,0.043,12.756,-0.064,-0.027,-0.043,0
2328,-1.434,0.024,12.763,0.005,0.011,-0.013,0
2352,-1.448,0.045,12.692,0.036,-0.004,-0.097,0
2376,-1.444,0.038,12.773,0.013,0.019,0.025,0
2400,-1.425,0.043,12.682,0.036,0.011,0.056,0
2424,-1.427,0.065,12.728,0.097,-0.279,0.056,0
2448,-1.427,0.012,12.747,0.020,-0.065,-0.020,0
2472,-1.434,0.050,12.718,0.051,-0.195,0.041,0
2496,-1.448,0.010,12.747,-0.025,-0.042,-0.043,0
2520,-1.472,0.002,12.708,-0.056,0.057,0.086,0
2544,-1.439,0.074,12.773,-0.048,0.073,0.025,0
2568,-1.448,0.024,12.749,-0.094,0.134,0.010,0
2592,-1.429,0.022,12.749,-0.018,0.156,-0.051,0
2616,-1.434,0.012,12.699,0.005,0.034,-0.028,0
2640,-1.439,0.010,12.759,-0.033,-0.019,0.155,0
2664,-1.429,0.038,12.677,-0.018,-0.065,-0.089,0
2688,-1.453,0.041,12.737,0.082,-0.050,0.018,0
2712,-1.453,0.048,12.728,-0.018,0.073,-0.020,0
2736,-1.429,0.022,12.754,-0.025,0.027,0.071,0
2760,-1.422,0.000,12.735,0.043,-0.019,0.025,0
2784,-1.458,0.050,12.687,0.013,0.004,0.033,0
2808,-1.458,0.050,12.716,0.036,0.042,0.064,0
2832,-1.441,0.062,12.790,0.051,-0.065,-0.013,0
2856,-1.448,0.069,12.689,-0.064,0.027,0.064,0
2880,-1.415,0.055,12.711,0.043,-0.004,-0.005,0
2904,-1.429,0.022,12.752,0.028,0.034,-0.059,0
2928,-1.432,0.026,12.704,-0.018,0.019,0.094,0
2952,-1.460,0.026,12.775,-0.018,0.011,0.018,0
2976,-1.475,0.036,12.730,-0.041,0.034,-0.104,0
3000,-1.420,0.002,12.723,-0.048,0.073,0.071,0
3024,-1.463,0.010,12.747,0.013,-0.050,0.048,0
3048,-1.460,0.005,12.759,0.013,0.019,-0.028,0
3072,-1.463,0.062,12.775,-0.064,-0.011,0.002,0
3096,-1.468,-0.012,12.696,0.005,0.057,0.048,0
3120,-1.437,0.022,12.682,-0.071,0.065,0.048,0
3144,-1.463,0.062,12.649,0.020,0.011,-0.051,0
3168,-1.441,0.002,12.735,0.013,-0.050,-0.059,0
3192,-1.427,0.017,12.749,0.043,0.034,-0.059,0
3216,-1.463,0.005,12.821,0.013,-0.011,-0.028,0
3240,-1.437,0.081,12.759,-0.079,0.050,-0.089,0
3264,-1.427,0.041,12.713,-0.048,-0.095,-0.043,0
3288,-1.441,0.002,12.754,0.043,-0.156,-0.005,0
3312,-1.444,-0.007,12.682,-0.079,0.027,0.033,0
3336,-1.391,0.048,12.778,0.059,-0.004,-0.013,0
3360,-1.391,0.031,12.694,0.020,0.057,-0.028,0
3384,-1.401,0.065,12.701,0.051,-0.202,0.086,0
3408,-1.413,0.043,12.713,0.120,-0.408,-0.020,0
3432,-1.460,0.050,12.701,0.135,-0.294,0.010,0
3456,-1.453,0.024,12.728,0.158,-0.492,0.010,0
3480,-1.405,0.034,12.747,0.158,-0.714,0.132,0
3504,-1.427,0.014,12.706,0.242,-0.943,0.178,0
3528,-1.427,0.019,12.732,0.341,-1.187,0.033,0
3552,-1.429,0.034,12.704,0.501,-1.782,0.109,0
3576,-1.396,0.022,12.735,0.402,-1.332,0.125,0
3600,-1.453,0.022,12.728,0.280,-1.164,0.064,0
3624,-1.358,0.067,12.720,0.158,-0.805,0.071,0
3648,-1.432,0.024,12.701,0.036,-0.355,0.071,0
3672,-1.415,0.031,12.708,0.127,-0.485,0.102,0
3696,-1.389,0.002,12.749,0.036,-0.317,0.010,0
3720,-1.417,0.005,12.716,0.036,0.240,0.086,0
3744,-1.403,0.029,12.696,0.043,-0.179,0.064,0
3768,-1.379,0.055,12.725,0.059,-0.080,0.079,0
3792,-1.403,0.043,12.701,0.036,-0.011,0.010,0
3816,-1.379,0.010,12.713,0.181,-0.569,0.048,0
3840,-1.374,0.074,12.761,0.135,-0.622,-0.059,0
3864,-1.386,0.034,12.692,0.173,-0.950,0.041,0
3888,-1.374,0.036,12.754,0.051,-0.492,0.056,0
3912,-1.374,0.081,12.759,-0.048,0.141,-0.051,0
3936,-1.377,0.029,12.680,-0.476,2.370,-0.043,0
3960,-1.331,0.041,12.780,-0.873,4.256,-0.120,0
3984,-1.712,-0.026,12.725,-1.254,5.523,-0.723,0
4008,-1.369,0.055,12.735,0.624,-0.775,-2.402,0
4032,-1.425,0.014,12.665,0.486,-0.973,-1.646,0
4056,-1.288,0.057,12.723,1.395,-6.202,0.094,0
4080,-1.389,0.010,12.670,-0.239,1.607,0.002,0
4104,-1.413,0.022,12.687,-0.247,-1.424,4.766,0
4128,-1.317,-0.065,12.744,-0.636,2.332,1.529,0
4152,-1.415,0.053,12.773,-0.277,0.950,0.331,0
4176,-1.415,0.091,12.713,-0.491,2.141,-0.112,0
4200,-1.398,-0.012,12.639,-0.682,2.294,0.483,0
4224,-1.448,0.069,12.620,-1.071,3.141,1.430,0
4248,-1.525,0.053,12.701,-1.079,2.744,2.354,0
4272,-1.463,0.017,12.706,-0.445,1.630,0.743,0
4296,-1.453,-0.060,12.713,-0.483,1.546,0.552,0
4320,-1.487,0.062,12.677,-0.911,2.454,1.682,0
4344,-1.475,0.002,12.677,-0.613,1.958,0.186,0
4368,-1.468,0.007,12.752,-0.613,2.401,-0.082,0
4392,-1.609,-0.022,12.658,-0.682,2.790,0.399,0
4416,-1.472,-0.005,12.732,-0.720,1.615,1.544,0
4440,-1.504,0.031,12.768,-0.918,2.828,1.025,0
4464,-1.551,0.043,12.725,-0.667,2.576,0.384,0
4488,-1.602,0.017,12.658,-0.216,2.393,0.010,0
4512,-1.516,0.022,12.790,-0.193,1.737,-0.120,0
4536,-1.597,-0.029,12.732,-0.506,5.302,-0.166,0
4560,-1.575,0.026,12.768,-0.544,4.347,-0.051,0
4584,-1.647,0.000,12.684,-0.689,6.645,-0.143,0
4608,-1.671,0.005,12.704,-0.544,4.393,-0.043,0
4632,-1.688,-0.007,12.644,-0.361,3.355,-0.089,0
4656,-1.666,-0.060,12.711,-0.460,4.477,-0.143,0
4680,-1.724,0.002,12.701,-0.453,4.790,-0.097,0
4704,-1.712,-0.010,12.677,-0.537,2.454,0.300,0
4728,-1.743,-0.050,12.668,-0.415,4.492,0.132,0
4752,-1.781,-0.043,12.603,-0.354,3.813,0.064,0
4776,-1.705,0.002,12.728,-0.315,2.698,0.117,0
4800,-1.753,0.000,12.749,-0.163,5.889,-0.341,0
4824,-1.796,-0.038,12.603,-0.056,5.576,-0.280,0
4848,-1.784,-0.041,12.838,-0.224,5.729,-0.158,0
4872,-1.882,-0.024,12.610,-0.102,15.004,-0.998,0
4896,-1.966,-0.055,12.534,-0.285,10.874,-0.173,0
4920,-1.942,-0.017,12.629,-0.247,4.454,0.117,0
4944,-1.939,-0.029,12.608,0.051,3.966,-0.066,0
4968,-1.985,-0.017,12.617,0.135,4.065,-0.356,0
4992,-2.004,-0.043,12.629,-0.048,1.767,0.025,0
5016,-1.970,-0.010,12.699,-0.178,5.019,-0.150,0
5040,-2.028,-0.053,12.594,0.051,8.492,-0.624,0
5064,-2.047,-0.053,12.620,-0.125,5.844,-0.326,0
5088,-2.085,0.012,12.658,-0.033,5.615,-0.219,0
5112,-2.049,-0.026,12.711,-0.109,6.179,-0.448,0
5136,-2.109,-0.057,12.615,0.051,8.515,-0.395,0
5160,-2.174,-0.002,12.455,-0.086,4.989,-0.043,0
5184,-2.184,-0.002,12.605,-0.193,0.737,0.125,0
5208,-2.200,-0.022,12.548,-0.178,0.363,0.605,0
5232,-2.157,-0.019,12.627,0.051,0.202,0.056,0
5256,-2.176,-0.055,12.615,0.082,2.393,-0.280,0
5280,-2.184,-0.036,12.646,-0.064,3.599,-0.181,0
5304,-2.241,-0.005,12.637,-0.155,4.050,-0.082,0
5328,-2.224,-0.057,12.584,-0.125,3.989,0.132,0
5352,-2.231,-0.024,12.574,-0.247,4.775,0.025,0
5376,-2.231,-0.017,12.543,-0.041,3.393,-0.181,0
5400,-2.263,-0.031,12.615,-0.094,2.851,-0.089,0
5424,-2.303,-0.026,12.538,-0.102,3.286,-0.028,0
5448,-2.284,-0.050,12.541,-0.079,0.340,0.201,0
5472,-2.349,-0.074,12.661,-0.384,0.469,0.651,0
5496,-2.251,-0.007,12.524,-0.354,3.668,1.170,0
5520,-2.253,-0.002,12.574,-0.201,2.011,0.499,0
5544,-2.337,0.005,12.589,-0.224,2.905,0.224,0
5568,-2.354,-0.007,12.445,-0.056,1.866,-0.005,0
5592,-2.334,-0.060,12.617,0.158,0.813,-0.158,0
5616,-2.363,-0.045,12.495,0.082,2.760,-0.181,0
5640,-2.315,-0.034,12.517,0.104,1.561,-0.097,0
5664,-2.330,-0.012,12.553,0.036,0.805,0.132,0
5688,-2.375,-0.060,12.512,-0.102,-0.523,0.300,0
5712,-2.416,-0.038,12.433,-0.025,-4.294,0.873,0
5736,-2.231,-0.053,12.711,-0.293,-7.515,1.094,0
5760,-2.277,-0.057,12.668,0.143,-0.202,0.125,0
5784,-2.334,0.019,12.536,0.196,3.195,-0.372,0
5808,-2.315,-0.014,12.598,0.173,3.500,-0.196,0
5832,-2.318,-0.041,12.565,0.204,6.111,-0.387,0
5856,-2.411,0.029,12.526,0.272,5.645,-0.547,0
5880,-2.389,-0.034,12.615,0.051,4.844,-0.463,0
5904,-2.377,-0.036,12.474,0.013,4.927,-0.280,0
5928,-2.377,-0.031,12.491,0.082,5.431,-0.303,0
5952,-2.454,-0.055,12.507,0.036,5.645,-0.448,0
5976,-2.428,-0.069,12.491,-0.086,4.401,-0.089,0
6000,-2.516,0.012,12.481,0.059,3.653,-0.242,0
6024,-2.495,-0.026,12.601,0.257,3.492,-0.417,0
6048,-2.492,-0.050,12.550,0.082,5.950,-0.448,0
6072,-2.543,-0.019,12.474,-0.102,5.882,-0.104,0
6096,-2.538,-0.031,12.553,-0.086,4.515,-0.097,0
6120,-2.586,-0.036,12.440,-0.125,4.798,-0.135,0
6144,-2.598,-0.034,12.562,-0.109,3.546,0.079,0
6168,-2.636,-0.036,12.570,0.005,6.523,-0.341,0
6192,-2.646,-0.055,12.419,0.127,7.103,-0.547,0
6216,-2.662,-0.062,12.419,0.059,3.836,-0.295,0
6240,-2.686,-0.036,12.469,-0.041,4.134,-0.349,0
6264,-2.653,-0.043,12.503,-0.109,5.584,-0.509,0
6288,-2.777,-0.050,12.371,-0.430,7.989,-0.005,0
6312,-2.804,-0.055,12.378,-0.552,3.317,0.766,0
6336,-2.806,-0.069,12.471,-0.552,4.416,1.086,0
6360,-2.770,0.002,12.366,-0.682,5.401,1.514,0
6384,-2.770,-0.086,12.407,-0.773,5.263,1.583,0
6408,-2.717,0.036,12.519,-0.781,4.401,1.041,0
6432,-2.875,-0.034,12.400,-0.277,8.989,-0.356,0
6456,-2.883,-0.067,12.354,-0.270,8.989,-0.227,0
6480,-2.892,-0.093,12.337,-0.537,4.095,0.430,0
6504,-3.139,-0.108,12.419,-0.766,3.515,1.422,0
6528,-3.057,-0.098,12.203,-1.628,3.668,4.514,0
6552,-2.672,-0.012,12.481,-1.857,-1.981,5.315,0
6576,-2.155,0.036,12.898,-1.445,-0.263,4.529,0
6600,-3.055,-0.067,12.321,-0.415,1.485,0.308,0
6624,-2.921,-0.067,12.328,0.089,-4.912,0.651,0
6648,-2.880,-0.045,12.438,0.165,-5.805,0.315,0
6672,-2.897,-0.034,12.371,0.059,-4.958,0.331,0
6696,-2.847,-0.041,12.524,-0.025,-3.095,0.399,0
6720,-2.899,-0.017,12.342,0.173,0.599,-0.074,0
6744,-2.890,-0.074,12.378,0.104,-4.042,0.300,0
6768,-2.871,-0.053,12.318,0.158,-6.927,0.384,0
6792,-2.823,-0.048,12.297,0.333,-12.752,0.896,0
6816,-2.646,-0.010,12.625,0.173,-17.195,1.277,0
6840,-2.634,-0.077,12.476,0.570,-7.508,0.155,0
6864,-2.703,-0.024,12.359,0.227,-7.095,0.522,0
6888,-2.612,0.029,12.464,0.143,-11.057,0.758,0
6912,-2.564,-0.045,12.481,0.463,-12.943,0.499,0
6936,-2.471,-0.026,12.483,0.524,-11.950,0.331,0
6960,-2.468,-0.024,12.491,0.364,-14.653,0.857,0
6984,-2.380,-0.022,12.589,0.356,-15.592,0.827,0
7008,-2.354,-0.045,12.555,0.303,-11.973,0.659,0
7032,-2.325,0.010,12.538,0.349,-12.576,0.728,0
7056,-2.282,-0.022,12.514,0.234,-13.744,0.834,0
7080,-2.164,-0.031,12.577,0.089,-16.408,1.300,0
7104,-2.112,-0.014,12.550,0.356,-14.485,0.720,0
7128,-2.078,-0.045,12.567,0.181,-16.836,1.193,0
7152,-1.973,0.002,12.780,0.234,-17.317,1.285,0
7176,-1.918,-0.002,12.632,0.494,-12.821,0.537,0
7200,-1.903,0.007,12.675,0.646,-10.592,0.376,0
7224,-1.786,0.002,12.694,0.891,-9.385,0.277,0
7248,-1.832,-0.012,12.668,0.593,-4.462,-0.173,0
7272,-1.836,-0.026,12.682,0.135,-4.653,0.293,0
7296,-1.733,-0.026,12.696,-0.155,-4.683,0.697,0
7320,-1.779,0.002,12.610,0.188,-1.966,0.086,0
7344,-1.767,0.010,12.625,0.097,-2.317,0.201,0
7368,-1.784,0.005,12.637,0.104,-2.576,0.178,0
7392,-1.810,-0.017,12.699,0.051,-3.141,0.163,0
7416,-1.750,0.007,12.663,0.204,-4.019,0.399,0
7440,-1.719,0.048,12.646,0.280,-2.630,0.147,0
7464,-1.729,0.002,12.658,0.066,-2.676,0.247,0
7488,-1.693,0.002,12.692,0.165,-3.859,0.491,0
7512,-1.693,0.038,12.718,0.173,-3.088,0.254,0
7536,-1.664,0.010,12.730,0.265,-3.912,0.186,0
7560,-1.666,-0.005,12.675,-0.010,-4.966,0.751,0
7584,-1.654,0.036,12.675,-0.064,-7.363,1.308,0
7608,-1.549,0.010,12.708,-0.018,-6.004,0.941,0
7632,-1.618,0.050,12.596,0.020,-4.088,0.766,0
7656,-1.566,0.022,12.783,0.051,-3.943,0.529,0
7680,-1.559,0.010,12.716,0.158,-3.218,0.125,0
7704,-1.518,0.024,12.665,0.478,-1.897,0.239,0
7728,-1.544,0.041,12.720,0.425,-2.202,0.239,0
7752,-1.480,0.026,12.716,0.417,-2.958,0.422,0
7776,-1.496,0.036,12.730,0.486,-2.385,0.674,0
7800,-1.496,0.010,12.735,0.555,-2.011,0.155,0
7824,-1.465,0.045,12.687,0.654,-2.500,0.079,0
7848,-1.475,0.031,12.730,0.677,-2.630,0.178,0
7872,-1.470,0.014,12.756,0.959,-4.065,0.476,0
7896,-1.393,0.019,12.735,1.234,-4.874,0.277,0
7920,-1.369,0.062,12.866,1.685,-7.385,1.422,0
7944,-1.405,0.081,12.713,0.280,-1.676,0.079,0
7968,-1.393,0.050,12.704,0.395,-2.103,0.109,0
7992,-1.367,0.043,12.699,0.410,-2.469,0.048,0
8016,-1.386,0.067,12.804,0.318,-2.332,0.109,0
8040,-1.377,0.069,12.684,0.272,-2.187,0.117,0
8064,-1.355,0.041,12.747,0.188,-1.882,0.109,0
8088,-1.362,0.045,12.752,0.074,-1.095,0.064,0
8112,-1.377,0.081,12.778,0.120,-1.042,0.033,0
8136,-1.329,0.062,12.696,0.059,-0.668,-0.089,0
8160,-1.338,0.010,12.775,-0.117,0.637,-0.143,0
8184,-1.305,0.038,12.720,-0.109,0.546,-0.135,0
8208,-1.463,0.065,12.795,-0.506,3.531,-0.181,0
8232,-1.410,0.065,12.663,-0.835,4.233,-0.242,0
8256,-1.243,0.101,12.675,-1.338,6.073,-0.158,0
8280,-1.669,-0.041,12.713,-2.361,10.599,-0.402,0
8304,-1.403,0.029,12.735,0.936,-3.744,0.117,0
8328,-1.425,0.084,12.737,-0.262,1.233,0.025,0
8352,-1.480,0.036,12.718,0.120,-0.714,0.048,0
8376,-1.484,0.022,12.718,-0.132,0.912,0.018,0
8400,-1.484,0.062,12.737,-0.102,0.737,-0.005,0
8424,-1.528,-0.055,12.797,0.776,-2.729,0.224,0
8448,-1.482,0.024,12.747,0.402,-1.599,0.216,0
8472,-1.439,0.098,12.725,1.028,-5.981,3.079,0
8496,-1.451,-0.026,12.742,0.036,-0.576,0.293,0
8520,-1.429,0.055,12.725,0.165,-0.752,-0.005,0
8544,-1.391,0.069,12.759,0.074,-0.195,0.041,0
8568,-1.377,0.024,12.728,-0.025,0.134,-0.028,0
8592,-1.410,0.117,12.723,0.043,-0.126,0.079,0
8616,-1.362,0.079,12.759,0.562,-2.340,0.163,0
8640,-1.346,0.024,12.792,0.433,-2.821,0.086,0
8664,-1.379,0.089,12.804,0.433,-3.317,0.071,0
8688,-1.358,0.053,12.790,0.685,-8.729,0.262,0
8712,-1.231,0.029,12.617,0.501,-5.767,0.132,0
8736,-1.259,0.065,12.732,0.372,-4.622,0.064,0
8760,-1.228,0.048,12.761,0.204,-2.218,0.018,0
8784,-1.293,0.093,12.804,0.043,-0.462,-0.028,0
8808,-1.240,0.060,12.711,0.082,-0.645,0.002,0
8832,-1.281,0.050,12.749,0.066,-1.660,0.102,0
8856,-1.295,0.055,12.804,0.066,-1.744,0.033,0
8880,-1.264,0.048,12.763,0.005,-0.676,0.056,0
8904,-1.264,0.029,12.797,-0.010,-0.912,0.102,0
8928,-1.245,0.065,12.780,0.005,-0.599,-0.005,0
8952,-1.240,0.060,12.735,0.104,-1.233,0.002,0
8976,-1.211,0.043,12.718,0.051,-1.614,0.048,0
9000,-1.245,0.048,12.742,0.074,-0.844,0.071,0
9024,-1.199,0.067,12.708,0.005,-1.019,0.056,0
9048,-1.247,0.091,12.723,-0.033,-0.973,0.048,0
9072,-1.223,0.034,12.778,-0.010,-1.118,-0.005,0
9096,-1.283,0.062,12.828,-0.048,-0.874,-0.036,0
9120,-1.247,0.065,12.775,-0.010,-0.218,0.002,0
9144,-1.166,0.067,12.684,0.005,-1.065,0.064,0
9168,-1.164,0.057,12.752,-0.033,-0.958,-0.082,0
9192,-1.178,0.024,12.730,0.028,-0.477,0.041,0
9216,-1.164,0.034,12.826,-0.064,-1.042,-0.013,0
9240,-1.152,0.081,12.684,0.104,-1.210,-0.288,0
9264,-1.166,0.091,12.749,-0.033,-2.309,0.041,0
9288,-1.214,0.045,12.749,-0.041,-2.210,-0.028,0
9312,-1.154,0.055,12.795,-0.086,-1.775,-0.051,0
9336,-1.116,0.067,12.696,-0.140,-2.439,-0.020,0
9360,-1.123,0.057,12.735,-0.064,-0.866,-0.028,0
9384,-1.168,0.031,12.866,-0.064,-1.637,0.010,0
9408,-1.116,0.053,12.725,-0.254,-3.492,-0.135,0
9432,-1.082,0.067,12.653,-0.102,-2.523,-0.074,0
9456,-1.116,0.065,12.752,0.120,0.408,0.025,0
9480,-1.132,0.074,12.711,0.028,-0.393,0.033,0
9504,-1.125,0.084,12.773,0.020,-0.492,0.018,0
9528,-1.120,0.043,12.759,-0.064,-1.179,-0.150,0
9552,-1.010,-0.005,12.744,-0.033,-0.920,-0.578,0
9576,-1.197,0.127,12.792,0.104,-0.462,-1.265,0
9600,-1.106,0.034,12.775,0.005,-1.004,0.010,0
9624,-1.125,0.038,12.792,0.089,0.050,-0.127,0
9648,-1.063,0.036,12.737,-0.025,-0.775,0.048,0
9672,-1.101,0.029,12.761,-0.018,-0.477,0.033,0
9696,-1.135,0.067,12.842,-0.025,-1.592,0.018,0
9720,-0.939,0.026,12.615,-0.094,-2.897,-0.593,0
9744,-1.137,0.115,12.804,0.433,2.386,-1.440,0
9768,-1.116,0.057,12.795,0.150,0.141,-0.395,0
9792,-1.094,0.074,12.787,0.188,1.111,-0.074,0
9816,-1.116,0.074,12.816,0.082,0.844,-0.326,0
9840,-1.130,0.022,12.771,0.028,-0.111,-0.013,0
9864,-1.077,0.050,12.744,-0.109,-0.744,0.018,0
9888,-1.137,0.053,12.735,-0.025,0.508,-0.013,0
9912,-1.106,0.079,12.761,0.043,0.134,-0.066,0
9936,-1.099,0.057,12.747,0.028,-0.195,-0.066,0
9960,-1.087,0.101,12.759,-0.086,-0.508,0.010,0
9984,-1.106,0.077,12.740,-0.071,-1.134,0.132,0
10008,-1.068,0.041,12.759,-0.041,-1.004,0.041,0
10032,-1.128,0.077,12.797,0.013,-0.546,-0.028,0
10056,-1.065,0.060,12.754,-0.002,-1.187,-0.120,0
10080,-1.056,0.036,12.763,-0.041,-2.011,-0.417,0
10104,-0.984,0.067,12.725,0.059,-1.416,-1.578,0
10128,-1.154,0.067,12.759,-0.033,-0.309,-1.028,0
10152,-1.041,0.045,12.835,-0.186,-3.004,-0.059,0
10176,-1.013,0.065,12.696,-0.209,-3.836,-0.074,0
10200,-0.962,0.019,12.790,-0.109,-1.935,-0.234,0
10224,-1.099,0.038,12.852,-0.010,-1.279,-0.906,0
10248,-1.013,0.007,12.787,-0.308,-4.660,-0.158,0
10272,-1.006,0.038,12.740,-0.125,-1.561,-0.028,0
10296,-0.931,0.026,12.854,-0.002,-1.477,-0.799,0
10320,-1.085,0.050,12.833,-0.109,-3.424,-0.761,0
10344,-0.927,0.031,12.732,-0.041,-3.088,0.018,0
10368,-1.018,0.098,12.835,-0.102,-1.653,-0.104,0
10392,-0.955,0.007,12.833,-0.064,-4.576,0.033,0
10416,-0.891,0.055,12.790,-0.170,-2.714,-0.020,0
10440,-0.974,0.067,12.933,-0.071,-1.141,0.033,0
10464,-0.934,0.057,12.828,-0.041,-6.561,0.064,0
10488,-0.816,0.017,12.696,-0.041,-5.790,0.346,0
10512,-0.867,0.053,12.742,0.013,-3.660,0.155,0
10536,-0.836,0.038,12.699,0.051,-2.882,0.262,0
10560,-0.891,0.048,12.893,0.028,-1.156,0.300,0
10584,-0.838,0.072,12.826,0.005,-5.248,0.728,0
10608,-0.730,-0.014,12.661,0.043,-5.569,0.659,0
10632,-0.838,0.043,12.898,-0.086,-1.500,0.002,0
10656,-0.764,0.053,12.831,-0.033,-3.416,0.086,0
10680,-0.759,0.024,12.768,-0.010,-5.584,0.544,0
10704,-0.745,0.041,12.737,-0.018,-4.485,0.117,0
10728,-0.778,0.079,12.821,0.020,-2.569,-0.036,0
10752,-0.706,0.043,12.895,-0.071,-4.752,0.224,0
10776,-0.690,0.050,12.740,-0.056,-6.248,0.193,0
10800,-0.716,0.057,12.881,-0.010,-7.195,0.781,0
10824,-0.615,0.045,12.737,-0.018,-9.698,0.941,0
10848,-0.522,0.067,12.775,0.028,-6.905,0.453,0
10872,-0.558,0.024,12.780,0.020,-2.676,0.102,0
10896,-0.587,0.065,12.838,-0.002,-2.805,-0.020,0
10920,-0.529,0.069,12.792,-0.025,-4.347,0.086,0
10944,-0.539,0.060,12.783,-0.048,-3.317,0.056,0
10968,-0.503,0.067,12.792,0.097,-2.935,0.025,0
10992,-0.508,0.072,12.783,0.059,-1.340,0.102,0
11016,-0.560,0.041,12.900,0.051,-0.553,0.079,0
11040,-0.479,0.050,12.771,0.181,-2.844,0.064,0
11064,-0.563,0.031,12.874,-0.010,-1.378,0.018,0
11088,-0.536,0.069,12.871,0.074,-4.882,0.109,0
11112,-0.390,0.010,12.713,-0.117,-4.821,0.407,0
11136,-0.479,0.096,12.869,-0.155,-1.989,-0.028,0
11160,-0.426,0.072,12.797,0.005,-1.706,-0.005,0
11184,-0.464,0.062,12.857,0.020,-0.691,-0.043,0
11208,-0.431,0.057,12.847,-0.010,-1.256,-0.135,0
11232,-0.366,0.019,12.874,-0.094,-0.973,-0.265,0
11256,-0.505,0.077,12.807,-0.064,-1.034,-0.776,0
11280,-0.431,0.029,12.819,-0.079,-1.385,-0.120,0
11304,-0.443,0.038,12.845,0.005,-0.179,-0.013,0
11328,-0.390,0.057,12.761,-0.056,-1.088,-0.112,0
11352,-0.330,0.043,12.787,0.181,0.752,-0.738,0
11376,-0.476,0.036,12.835,0.311,1.714,-1.494,0
11400,-0.474,0.077,12.878,0.135,-0.057,-1.135,0
11424,-0.488,0.022,12.819,-0.086,-1.111,-0.837,0
11448,-0.390,0.038,12.816,0.173,0.523,-0.364,0
11472,-0.433,0.055,12.871,0.387,2.286,-0.654,0
11496,-0.453,0.045,12.874,0.043,0.645,-0.188,0
11520,-0.364,0.005,12.773,0.135,1.363,0.071,0
11544,-0.445,0.029,12.752,0.410,3.042,-0.853,0
11568,-0.603,0.108,12.835,0.188,2.950,-0.555,0
11592,-0.481,0.036,12.893,0.181,2.126,0.010,0
11616,-0.464,0.091,12.831,-0.125,-0.668,-0.066,0
11640,-0.572,0.022,12.819,0.234,1.126,-0.181,0
11664,-0.565,0.034,12.905,-0.048,-0.210,-0.166,0
11688,-0.488,0.065,12.785,-0.239,-1.874,-0.410,0
11712,-0.429,-0.041,12.795,0.051,-0.302,-0.005,0
11736,-0.448,0.014,12.881,0.265,1.477,-0.051,0
11760,-0.484,0.041,12.838,0.028,-0.042,0.064,0
11784,-0.460,0.084,12.833,-0.201,-1.286,-0.051,0
11808,-0.472,0.036,12.864,-0.178,-1.462,-0.265,0
11832,-0.438,0.065,12.783,-0.323,-2.729,-0.104,0
11856,-0.464,0.060,12.807,-0.147,-1.683,-0.020,0
11880,-0.419,0.002,12.799,-0.315,-3.469,-0.188,0
11904,-0.383,0.019,12.759,0.020,-1.721,-0.677,0
11928,-0.515,0.038,12.871,-0.125,-2.431,-0.295,0
11952,-0.409,0.010,12.785,-0.147,-3.225,-0.234,0
11976,-0.388,0.077,12.866,0.036,-1.324,0.010,0
12000,-0.438,0.019,12.833,-0.125,-1.195,0.025,0
12024,-0.429,0.089,12.852,-0.163,-2.118,0.041,0
12048,-0.393,0.038,12.842,0.066,-2.737,0.483,0
12072,-0.426,0.060,12.938,0.158,-3.805,1.041,0
12096,-0.223,0.050,12.620,0.043,-6.905,0.712,0
12120,-0.306,0.014,12.907,-0.376,-1.874,-0.249,0
12144,-0.376,0.045,12.816,-0.041,-2.218,-0.639,0
12168,-0.393,0.081,12.869,-0.064,-2.607,0.354,0
12192,-0.283,0.057,12.933,0.059,-5.332,0.796,0
12216,-0.254,0.043,12.716,-0.079,-4.156,0.483,0
12240,-0.328,0.074,12.881,-0.079,-4.202,0.323,0
12264,-0.069,0.007,12.637,-0.033,-5.363,0.712,0
12288,-0.182,0.007,12.938,0.211,0.607,-0.196,0
12312,-0.283,0.055,12.859,0.074,-1.004,-1.402,0
12336,-0.206,0.014,12.814,-0.002,-2.202,-0.845,0
12360,-0.182,0.084,12.910,-0.102,-0.905,-0.853,0
12384,-0.182,0.062,12.809,0.127,-2.080,-1.517,0
12408,-0.347,0.065,12.933,0.188,-4.111,-0.982,0
12432,-0.108,0.022,12.742,0.104,-6.676,0.491,0
12456,-0.168,0.019,12.847,0.288,-1.683,0.041,0
12480,-0.103,0.012,12.763,0.059,-3.118,0.170,0
12504,-0.108,0.014,12.811,-0.033,-1.500,-0.051,0
12528,-0.124,0.024,12.874,-0.041,-0.805,-0.059,0
12552,-0.141,0.038,12.960,-0.041,-3.767,0.064,0
12576,-0.103,0.031,12.893,-0.170,-8.057,0.651,0
12600,-0.031,0.038,12.878,-0.109,-10.088,0.728,0
12624,0.050,0.062,12.747,0.005,-10.057,0.880,0
12648,0.108,0.022,12.740,-0.025,-5.126,0.376,0
12672,-0.055,0.045,12.974,0.028,-0.714,-0.028,0
12696,0.022,0.024,12.840,0.158,-5.912,0.216,0
12720,0.134,0.060,12.706,0.135,-6.454,0.720,0
12744,0.050,0.043,12.852,-0.002,-1.714,0.239,0
12768,0.108,0.093,12.840,0.051,-4.767,0.201,0
12792,0.263,0.017,12.661,0.311,-6.553,0.781,0
12816,0.060,0.072,12.938,-0.125,-0.027,0.002,0
12840,0.132,0.079,12.814,0.318,-6.065,0.399,0
12864,0.165,0.081,12.799,0.112,-6.385,0.590,0
12888,0.103,0.101,13.012,0.173,-9.645,0.949,0
12912,0.469,-0.005,12.543,0.173,-11.073,1.262,0
12936,0.227,0.081,12.833,-0.010,-1.355,-0.059,0
12960,0.316,0.045,12.701,-0.010,2.798,-0.150,0
12984,0.089,0.086,13.003,0.104,5.813,-0.043,0
13008,0.244,0.084,12.819,0.059,-2.302,0.140,0
13032,0.302,0.053,12.742,-0.002,-1.027,0.048,0
13056,0.208,0.081,12.900,0.005,0.844,-0.120,0
13080,0.148,0.060,12.914,-0.079,-0.302,-0.173,0
13104,0.278,0.019,12.732,0.036,-3.263,-0.020,0
13128,0.294,0.041,12.799,-0.079,0.401,-0.112,0
13152,0.249,0.038,12.919,-0.086,0.607,-0.692,0
13176,0.256,0.062,12.902,-0.079,-1.416,-1.448,0
13200,0.211,0.069,12.823,0.043,-2.553,-1.379,0
13224,0.247,0.048,12.792,0.028,-1.683,-0.501,0
13248,0.342,0.014,12.725,-0.247,0.508,-0.013,0
13272,0.208,0.000,12.926,-0.002,3.233,-0.127,0
13296,0.242,0.050,12.809,-0.056,-1.401,-0.830,0
13320,0.321,0.043,12.864,0.097,0.355,-0.112,0
13344,0.364,0.043,12.828,0.158,0.156,-0.341,0
13368,0.275,0.034,12.809,0.051,-0.614,-1.791,0
13392,0.220,0.093,12.716,-0.155,-0.042,-1.547,0
13416,0.177,0.062,12.991,0.234,0.981,-0.059,0
13440,0.294,0.022,12.766,0.188,-0.790,0.155,0
13464,0.359,0.002,12.943,-0.178,-0.416,-0.311,0
13488,0.395,0.000,12.795,-0.201,-2.943,-1.982,0
13512,0.247,0.074,12.862,0.020,-0.935,-2.746,0
13536,0.239,0.038,12.833,-0.102,-0.065,-1.853,0
13560,0.364,0.045,12.802,0.059,-0.447,-1.593,0
13584,-0.010,0.129,12.838,-0.193,-0.752,-2.227,0
13608,0.237,0.122,12.797,0.158,-2.668,0.155,0
13632,0.474,0.034,12.646,0.211,-5.775,0.270,0
13656,0.316,0.055,12.859,0.028,-0.660,0.025,0
13680,0.318,0.074,12.862,0.188,-0.836,0.140,0
13704,0.388,0.031,12.809,0.341,-1.630,0.522,0
13728,0.316,0.091,12.833,0.005,-2.019,0.308,0
13752,0.385,0.038,12.831,0.143,-3.065,0.537,0
13776,0.395,0.048,12.792,0.333,-2.011,0.132,0
13800,0.457,0.045,12.725,-0.056,-2.195,0.109,0
13824,0.364,0.041,12.854,0.020,-1.424,0.071,0
13848,0.385,0.065,12.804,0.082,-1.683,0.033,0
13872,0.419,0.055,12.876,0.372,-4.813,-0.112,0
13896,0.417,0.077,12.790,0.074,-5.424,-0.494,0
13920,0.445,0.069,12.756,-0.086,-3.332,-0.440,0
13944,0.397,0.084,12.845,0.059,-2.225,-0.227,0
13968,0.419,0.065,12.831,-0.010,-3.286,0.514,0
13992,0.472,0.101,12.833,0.059,-3.050,0.468,0
14016,0.450,0.067,12.842,0.326,-3.943,0.506,0
14040,0.577,0.055,12.766,0.242,-5.202,0.804,0
14064,0.543,0.048,12.737,0.082,-2.866,0.552,0
14088,0.479,0.065,12.881,0.234,-1.683,0.376,0
14112,0.606,0.036,12.723,0.165,-4.454,0.766,0
14136,0.572,0.050,12.761,0.020,1.668,0.094,0
14160,0.510,0.074,12.859,0.089,-1.286,-0.143,0
14184,0.632,0.077,12.696,0.288,-3.508,0.170,0
14208,0.579,0.079,12.802,-0.193,-1.943,0.086,0
14232,0.555,0.055,12.847,-0.209,-1.660,-0.074,0
14256,0.587,0.034,12.895,0.127,-4.828,0.132,0
14280,0.673,0.113,12.670,0.005,-6.187,0.422,0
14304,0.601,0.060,12.823,0.043,-2.622,0.354,0
14328,0.618,0.129,12.960,0.005,-7.729,-0.356,0
14352,0.685,0.065,12.668,0.082,-10.905,-0.097,0
14376,0.498,0.062,12.969,-0.415,-7.103,-0.875,0
14400,0.776,0.043,12.701,0.280,-8.576,0.216,0
14424,0.816,0.062,12.759,0.143,-5.798,0.094,0
14448,0.740,0.086,12.787,-0.048,-4.828,0.079,0
14472,0.941,0.062,12.713,0.028,-6.531,0.155,0
14496,0.883,0.069,12.735,0.188,-3.309,0.369,0
14520,0.826,0.074,12.771,-0.018,-3.561,0.209,0
14544,0.876,0.048,12.826,-0.033,-3.721,0.193,0
14568,0.824,0.072,12.840,0.181,-3.950,0.201,0
14592,1.008,0.091,12.651,-0.140,-3.225,0.323,0
14616,0.864,0.053,12.811,0.257,-0.340,0.193,0
14640,0.927,0.055,12.804,0.227,-2.172,0.109,0
14664,0.931,0.029,12.778,-0.155,-0.851,-0.020,0
14688,1.013,0.053,12.711,-0.041,-0.431,-0.120,0
14712,0.879,0.036,12.797,0.097,-0.317,-0.440,0
14736,0.910,0.048,12.737,0.082,0.149,-0.043,0
14760,0.907,0.034,12.859,-0.125,-0.447,-0.051,0
14784,0.934,0.031,12.807,-0.315,-1.195,-0.135,0
14808,0.924,0.029,12.917,-0.193,-1.729,-0.227,0
14832,0.948,0.086,12.694,0.135,-3.103,-0.730,0
14856,0.907,0.038,12.831,-0.247,1.118,-0.677,0
14880,0.888,0.026,12.838,-0.293,-0.958,-0.494,0
14904,0.974,0.069,12.807,-0.025,-3.950,-0.333,0
14928,1.022,0.098,12.625,0.020,-3.202,-0.372,0
14952,0.948,0.084,12.890,-0.109,-1.286,-0.303,0
14976,1.006,0.074,12.766,-0.170,-4.401,0.163,0
15000,1.051,0.057,12.785,0.066,-7.088,0.453,0
15024,1.027,0.055,12.718,0.150,-7.050,0.178,0
15048,1.082,0.055,12.716,0.059,-5.050,0.537,0
15072,1.094,0.079,12.749,-0.140,-3.141,0.323,0
15096,1.061,0.057,12.814,-0.002,-3.660,0.178,0
15120,1.147,0.045,12.689,-0.117,-4.011,0.018,0
15144,1.164,0.060,12.835,-0.048,-2.126,-0.013,0
15168,1.101,0.077,12.749,-0.117,-3.622,-0.127,0
15192,1.171,0.079,12.737,-0.018,-3.271,-0.013,0
15216,1.202,0.069,12.639,0.051,-3.034,0.231,0
15240,1.176,0.024,12.783,-0.010,-1.729,0.430,0
15264,1.214,0.041,12.763,0.074,-2.935,0.384,0
15288,1.231,0.053,12.730,0.150,-1.676,0.491,0
15312,1.190,0.093,12.780,0.059,-1.775,0.415,0
15336,1.257,0.077,12.706,0.089,-2.111,0.239,0
15360,1.211,0.017,12.763,0.089,-1.607,0.163,0
15384,1.276,0.048,12.802,0.043,-2.966,0.117,0
15408,1.223,0.074,12.713,-0.041,-3.866,0.285,0
15432,1.185,0.045,12.759,-0.010,-4.042,0.064,0
15456,1.276,0.045,12.641,0.066,-5.691,0.430,0
15480,1.279,0.029,12.680,0.211,-3.454,0.254,0
15504,1.295,0.019,12.749,0.036,-4.042,0.460,0
15528,1.334,0.072,12.752,-0.109,-5.317,0.712,0
15552,1.348,0.055,12.771,0.082,-5.340,0.903,0
15576,1.439,0.014,12.752,-0.170,-7.164,0.682,0
15600,1.432,0.034,12.696,0.112,-5.233,0.369,0
15624,1.451,0.041,12.675,0.043,-4.927,0.460,0
15648,1.448,0.093,12.730,-0.186,-4.202,0.308,0
15672,1.482,0.029,12.651,-0.018,-3.416,0.254,0
15696,1.410,0.074,12.670,-0.018,-1.531,0.262,0
15720,1.513,0.065,12.725,-0.193,-1.996,0.025,0
15744,1.472,0.069,12.749,-0.079,-1.477,0.079,0
15768,1.446,0.096,12.742,-0.048,-1.844,0.048,0
15792,1.465,0.060,12.756,-0.086,-2.821,0.033,0
15816,1.444,0.065,12.752,-0.018,-2.134,0.354,0
15840,1.496,0.031,12.646,-0.163,-4.042,0.407,0
15864,1.508,0.089,12.725,0.005,-3.347,0.140,0
15888,1.539,0.079,12.696,0.082,-4.378,0.354,0
15912,1.561,0.048,12.668,-0.140,-4.408,0.460,0
15936,1.573,0.041,12.613,0.036,-3.431,0.285,0
15960,1.551,0.079,12.756,0.150,-2.118,0.285,0
15984,1.595,0.072,12.663,-0.109,-3.042,0.308,0
16008,1.614,0.089,12.596,-0.048,-2.874,0.201,0
16032,1.614,0.069,12.706,-0.010,-1.660,0.277,0
16056,1.630,0.084,12.673,-0.010,-0.851,0.086,0
16080,1.626,0.026,12.668,-0.041,-1.149,0.163,0
16104,1.659,0.057,12.680,-0.064,-1.141,-0.074,0
16128,1.621,0.041,12.656,-0.048,-1.271,-0.043,0
16152,1.712,0.026,12.684,-0.117,-2.179,-0.219,0
16176,1.697,0.062,12.596,-0.140,-1.027,-0.662,0
16200,1.688,0.031,12.617,-0.186,1.683,-0.967,0
16224,1.640,0.045,12.737,-0.315,2.485,-1.120,0
16248,1.468,0.115,12.814,0.036,-1.676,-0.723,0
16272,1.686,0.014,12.663,0.265,-3.164,0.376,0
16296,1.697,0.034,12.594,-0.094,-0.424,-0.082,0
16320,1.676,0.074,12.689,-0.201,-0.401,-1.059,0
16344,1.683,0.038,12.658,-0.186,-1.011,-1.723,0
16368,1.647,0.029,12.744,-0.132,-1.347,-1.150,0
16392,1.676,0.091,12.680,-0.315,-5.263,-1.295,0
16416,1.729,0.034,12.613,-0.315,-3.828,-1.601,0
16440,1.714,0.077,12.797,-0.468,-4.523,-1.936,0
16464,1.738,0.057,12.586,-0.262,-6.065,-1.822,0
16488,1.712,0.069,12.696,-0.109,-3.790,-1.433,0
16512,1.695,0.050,12.644,-0.201,-2.324,-0.685,0
16536,1.755,0.103,12.694,-0.086,-1.584,-0.166,0
16560,1.772,0.084,12.720,0.127,-3.607,0.216,0
16584,1.798,0.031,12.696,-0.041,-7.966,0.506,0
16608,1.805,0.089,12.589,0.204,-6.966,0.422,0
16632,1.867,0.067,12.613,0.249,-7.462,0.842,0
16656,1.887,0.017,12.665,0.242,-8.172,1.376,0
16680,2.030,0.065,12.510,0.257,-7.546,0.865,0
16704,1.925,0.067,12.560,-0.041,-6.416,0.331,0
16728,2.057,0.043,12.591,-0.002,-6.447,0.277,0
16752,1.963,0.086,12.629,0.005,-3.454,0.125,0
16776,2.011,0.077,12.629,-0.201,-4.256,0.064,0
16800,2.042,0.029,12.541,-0.041,-2.019,0.125,0
16824,2.061,0.060,12.653,-0.010,-0.202,-0.104,0
16848,2.037,0.045,12.579,-0.125,-1.966,-0.005,0
16872,1.987,0.074,12.622,0.043,-2.019,-0.005,0
16896,2.030,0.067,12.651,0.043,-4.134,0.132,0
16920,2.088,0.072,12.567,0.028,-5.393,0.125,0
16944,2.066,0.057,12.613,0.349,-4.943,0.293,0
16968,2.157,0.053,12.529,0.005,-6.469,0.934,0
16992,2.148,0.067,12.541,0.074,-5.378,0.796,0
17016,2.133,0.067,12.514,0.257,-4.798,0.613,0
17040,2.121,0.065,12.687,-0.025,-5.767,0.522,0
17064,2.243,0.081,12.570,-0.056,-7.569,0.293,0
17088,2.243,0.053,12.534,0.135,-7.088,0.407,0
17112,2.315,0.026,12.467,0.257,-5.767,0.338,0
17136,2.277,0.105,12.474,0.234,-2.370,0.323,0
17160,2.339,0.074,12.483,0.127,0.019,0.407,0
17184,2.303,0.055,12.491,-0.140,2.294,0.109,0
17208,2.222,0.045,12.615,-0.109,0.683,-0.028,0
17232,2.236,0.055,12.586,-0.010,-0.836,-0.005,0
17256,2.234,0.069,12.677,0.204,-1.469,0.018,0
17280,2.277,0.043,12.531,0.135,-2.790,0.109,0
17304,2.207,0.050,12.601,0.005,-3.469,0.331,0
17328,2.332,0.029,12.582,-0.132,-6.866,0.537,0
17352,2.332,0.055,12.500,0.066,-7.630,0.254,0
17376,2.404,0.041,12.541,-0.277,-10.401,0.376,0
17400,2.440,0.067,12.538,-0.064,-10.050,0.262,0
17424,2.483,0.048,12.464,0.013,-10.416,0.231,0
17448,2.512,0.081,12.419,0.219,-5.553,0.247,0
17472,2.504,0.034,12.450,0.082,-3.821,0.491,0
17496,2.545,0.041,12.459,-0.079,-4.920,0.407,0
17520,2.567,0.034,12.500,0.013,-4.561,0.193,0
17544,2.607,0.036,12.400,-0.010,-4.950,-0.059,0
17568,2.612,0.091,12.440,0.020,-2.141,-0.013,0
17592,2.571,0.079,12.421,0.059,-2.050,0.308,0
17616,2.552,0.041,12.579,-0.064,-2.989,0.216,0
17640,2.629,0.050,12.400,-0.102,-4.821,0.056,0
17664,2.610,0.091,12.443,0.181,-1.760,0.086,0
17688,2.612,0.034,12.483,0.143,-2.706,0.193,0
17712,2.650,0.060,12.428,0.005,-5.050,0.178,0
17736,2.674,0.074,12.438,0.066,-2.874,0.018,0
17760,2.629,0.048,12.471,0.127,-3.080,-0.059,0
17784,2.677,0.065,12.467,-0.018,-4.233,0.308,0
17808,2.689,0.022,12.455,0.028,-5.447,0.224,0
17832,2.761,0.077,12.443,-0.094,-7.790,-0.036,0
17856,2.739,0.069,12.445,-0.193,-7.653,-0.074,0
17880,2.871,0.098,12.407,0.074,-5.927,0.270,0
17904,2.777,0.053,12.445,0.028,-3.920,0.384,0
17928,2.866,0.067,12.388,-0.064,-4.546,0.315,0
17952,2.885,0.034,12.321,0.280,-4.172,0.354,0
17976,2.820,0.065,12.390,0.112,-4.912,0.239,0
18000,2.840,0.055,12.416,-0.224,-6.760,0.300,0
18024,2.895,0.074,12.368,0.082,-3.385,0.094,0
18048,2.904,0.048,12.361,-0.010,-1.698,-0.020,0
18072,2.897,0.065,12.376,-0.102,-1.057,0.239,0
18096,2.947,0.067,12.373,0.173,-0.370,0.209,0
18120,2.904,0.065,12.366,-0.010,-0.645,0.041,0
18144,2.902,0.069,12.416,-0.186,-1.347,0.109,0
18168,2.933,0.010,12.316,-0.033,-2.996,0.575,0
18192,2.954,0.012,12.402,0.066,-2.042,0.147,0
18216,2.947,0.074,12.364,0.173,-1.240,0.186,0
18240,2.935,0.060,12.333,-0.048,-2.302,0.201,0
18264,2.935,0.036,12.301,-0.125,-2.302,0.079,0
18288,3.005,0.074,12.301,-0.048,-1.431,-0.127,0
18312,2.986,0.053,12.330,0.066,-1.111,-0.059,0
18336,3.012,0.077,12.395,-0.002,-0.424,0.086,0
18360,3.007,0.038,12.371,-0.216,-1.874,-0.158,0
18384,2.983,0.074,12.356,-0.048,-1.332,-0.135,0
18408,3.031,0.103,12.340,-0.033,-2.011,-0.173,0
18432,2.612,-0.081,12.471,0.112,-2.882,-0.425,0
18456,2.892,0.093,12.318,0.051,-2.370,-0.608,0
18480,3.091,0.050,12.328,-0.048,-2.798,-0.036,0
18504,3.036,0.036,12.246,0.005,-1.805,0.216,0
18528,3.048,0.026,12.325,0.165,-0.966,0.293,0
18552,3.069,0.089,12.297,0.074,-1.454,0.079,0
18576,3.084,0.034,12.349,-0.033,-2.134,0.125,0
18600,3.112,0.038,12.297,0.028,-1.126,0.079,0
18624,3.053,0.048,12.356,-0.147,0.195,0.048,0
18648,3.041,0.053,12.325,-0.102,-0.118,0.033,0
18672,3.072,0.079,12.309,0.127,-0.279,0.002,0
18696,3.055,0.043,12.347,0.089,1.576,0.071,0
18720,3.055,0.045,12.301,-0.048,0.973,0.109,0
18744,3.057,0.122,12.345,0.036,1.431,0.048,0
18768,3.077,0.041,12.270,0.082,3.454,-0.028,0
18792,3.045,0.074,12.333,0.020,4.920,-0.082,0
18816,2.971,0.065,12.407,0.242,7.103,-0.005,0
18840,2.964,0.041,12.361,0.036,6.798,-0.036,0
18864,2.935,0.022,12.443,-0.132,6.019,-0.028,0
18888,2.952,0.077,12.380,0.028,4.653,-0.059,0
18912,2.859,0.057,12.404,0.211,3.645,-0.120,0
18936,2.892,0.065,12.376,0.059,2.004,-0.059,0
18960,2.945,0.031,12.371,-0.018,1.256,-0.043,0
18984,2.885,0.043,12.373,0.082,2.271,-0.051,0
19008,2.895,0.084,12.376,-0.140,2.660,-0.082,0
19032,2.916,0.048,12.335,-0.086,2.340,-0.051,0
19056,2.856,0.050,12.404,0.089,3.752,-0.112,0
19080,2.851,0.060,12.409,0.104,3.859,-0.043,0
19104,2.883,0.065,12.356,0.036,2.752,0.033,0
19128,2.825,0.024,12.371,0.036,4.538,-0.074,0
19152,2.801,0.057,12.378,0.150,4.729,0.064,0
19176,2.758,0.007,12.397,0.135,4.050,-0.005,0
19200,2.751,0.065,12.404,0.104,4.683,-0.158,0
19224,2.717,0.079,12.431,0.066,4.508,-0.097,0
19248,2.722,0.050,12.433,-0.056,3.042,-0.089,0
19272,2.689,0.043,12.455,-0.071,2.721,-0.135,0
19296,2.732,0.072,12.433,-0.056,2.492,-0.013,0
19320,2.732,0.031,12.395,0.043,3.004,0.025,0
19344,2.708,0.038,12.428,0.089,4.118,-0.112,0
19368,2.715,0.091,12.435,0.158,4.721,-0.082,0
19392,2.662,0.069,12.438,0.020,5.645,0.002,0
19416,2.605,0.045,12.471,-0.125,4.561,-0.097,0
19440,2.626,0.050,12.495,0.036,4.668,-0.234,0
19464,2.540,0.034,12.514,-0.109,3.752,-0.082,0
19488,2.569,0.017,12.459,0.028,2.004,-0.082,0
19512,2.588,0.034,12.426,0.028,2.218,-0.097,0
19536,2.535,0.089,12.476,0.013,2.760,-0.104,0
19560,2.533,0.079,12.510,0.036,3.401,-0.112,0
19584,2.519,0.069,12.512,0.051,4.156,-0.120,0
19608,2.502,0.072,12.440,0.066,5.477,-0.181,0
19632,2.507,0.062,12.435,0.043,8.302,-0.089,0
19656,2.492,0.045,12.459,0.089,9.454,-0.120,0
19680,2.418,0.089,12.476,-0.033,11.408,-0.082,0
19704,2.365,0.010,12.582,-0.163,11.378,-0.257,0
19728,2.322,0.055,12.546,0.051,12.202,-0.143,0
19752,2.270,0.065,12.594,0.051,12.592,-0.265,0
19776,2.210,0.079,12.536,0.043,11.454,-0.204,0
19800,2.172,0.067,12.620,-0.132,11.485,-0.242,0
19824,2.133,0.026,12.586,0.074,11.760,-0.150,0
19848,2.105,0.050,12.567,-0.033,12.004,-0.204,0
19872,2.042,0.041,12.596,-0.170,12.912,-0.219,0
19896,1.951,0.031,12.663,-0.125,13.256,-0.181,0
19920,1.901,0.024,12.625,-0.071,13.622,-0.265,0
19944,1.856,0.053,12.661,-0.186,13.393,-0.249,0
19968,1.891,0.007,12.617,-0.285,11.561,-0.227,0
19992,1.800,0.086,12.579,0.204,14.721,-0.188,0
20016,1.583,0.053,12.847,0.127,17.271,-0.166,0
20040,1.729,0.079,12.555,-0.132,13.332,-0.211,0
20064,1.537,0.060,12.766,-0.430,12.218,-0.463,0
20088,1.561,0.048,12.718,-0.201,10.668,-1.028,0
20112,1.446,0.115,12.783,-0.270,9.263,-1.372,0
20136,1.377,0.050,12.874,0.028,2.271,-0.898,0
20160,1.453,0.050,12.761,-0.086,-2.034,-0.043,0
20184,1.506,0.069,12.694,0.295,-7.989,0.163,0
20208,1.590,0.026,12.613,0.051,-5.706,0.041,0
20232,1.518,0.079,12.766,0.028,-3.599,0.025,0
20256,1.652,0.048,12.596,-0.010,-6.401,0.117,0
20280,1.683,0.081,12.507,0.074,-4.179,0.041,0
20304,1.597,0.067,12.675,-0.186,0.408,-0.082,0
20328,1.544,0.062,12.785,0.013,-0.782,0.048,0
20352,1.662,0.022,12.543,0.112,-2.286,0.033,0
20376,1.669,0.031,12.503,-0.002,4.019,-0.967,0
20400,1.441,0.077,12.936,-0.140,7.653,-0.998,0
20424,1.587,0.048,12.725,0.349,0.821,-0.013,0
20448,1.571,0.096,12.596,0.158,2.202,-0.173,0
20472,1.489,0.065,12.701,0.150,3.141,-0.104,0
20496,1.559,0.057,12.723,-0.056,0.683,-0.188,0
20520,1.585,0.050,12.684,0.066,1.737,-0.433,0
20544,1.492,0.069,12.713,-0.041,1.653,-0.776,0
20568,1.511,0.091,12.785,-0.002,0.996,-0.097,0
20592,1.506,0.045,12.632,-0.002,1.210,0.018,0
20616,1.530,0.065,12.740,-0.018,2.828,-0.036,0
20640,1.470,0.079,12.641,0.066,2.882,0.048,0
20664,1.470,0.072,12.732,0.005,3.691,-0.066,0
20688,1.441,0.043,12.728,0.135,2.256,0.071,0
20712,1.441,0.057,12.763,0.028,2.187,-0.013,0
20736,1.432,0.096,12.684,0.028,0.386,0.002,0
20760,1.456,0.065,12.687,-0.064,1.370,-0.036,0
20784,1.408,0.139,12.649,-0.125,-0.317,-0.456,0
20808,1.446,-0.012,12.845,-0.293,2.149,-0.188,0
20832,1.726,0.017,12.292,-0.094,4.744,-1.150,0
20856,1.269,0.084,12.708,-0.605,7.424,-1.845,0
20880,1.520,0.024,12.646,-0.064,5.599,-0.478,0
20904,1.343,0.091,12.752,-0.583,8.508,-3.013,0
20928,1.116,0.036,13.029,-0.804,5.767,-2.227,0
20952,1.214,0.053,12.790,-0.262,-1.935,-0.830,0
20976,1.180,0.072,12.555,0.318,-5.233,-0.020,0
21000,1.513,0.014,12.507,-0.399,-0.645,-0.234,0
21024,1.448,0.036,12.541,-0.598,5.714,-3.898,0
21048,1.147,0.096,12.900,-0.216,9.721,-4.173,0
21072,1.056,0.127,12.730,0.448,1.790,-1.211,0
21096,1.216,0.031,12.783,0.486,-2.118,0.094,0
21120,1.358,0.036,12.601,-0.079,-1.225,-0.135,0
21144,1.221,0.098,12.720,-0.270,1.859,-1.700,0
21168,1.264,0.005,12.692,-0.002,4.134,-1.395,0
21192,1.250,0.048,12.840,0.295,3.691,-0.417,0
21216,1.199,0.079,12.723,0.295,1.386,-0.036,0
21240,1.372,0.055,12.694,0.150,0.309,-0.181,0
21264,1.496,-0.017,12.594,0.211,-1.324,0.094,0
21288,1.097,0.048,12.933,-0.102,0.073,0.056,0
21312,1.214,0.048,12.780,0.112,-1.553,0.254,0
21336,1.389,0.053,12.514,0.364,-1.927,0.415,0
21360,1.312,0.074,12.742,-0.598,4.767,-0.066,0
21384,1.077,0.043,12.967,-0.018,6.950,-0.082,0
21408,1.161,-0.002,12.689,0.074,0.202,-0.020,0
21432,1.087,0.098,12.742,0.143,-0.866,0.193,0
21456,1.425,0.000,12.663,0.379,-2.836,2.086,0
21480,1.147,0.055,12.857,0.280,1.821,-0.051,0
21504,0.989,0.124,12.840,0.463,-5.416,0.483,0
21528,1.377,0.072,12.354,0.921,-6.866,3.590,0
21552,0.986,-0.034,13.343,0.532,-0.492,2.346,0
21576,1.317,0.045,12.668,0.883,-6.882,2.293,0
21600,1.247,0.151,12.548,-0.628,-0.218,0.720,0
21624,1.408,-0.019,12.778,-0.033,5.790,2.903,0
21648,1.341,0.026,12.708,-0.376,4.248,-0.013,0
21672,1.195,0.053,12.823,-0.064,5.737,-0.166,0
21696,1.173,0.055,12.804,0.089,3.111,0.056,0
21720,1.259,0.050,12.646,-0.682,5.363,-0.150,0
21744,1.235,-0.065,12.833,-0.987,16.989,-1.952,0
21768,1.149,0.007,12.704,-0.613,19.294,-2.082,0
21792,1.097,0.002,12.735,-1.216,22.515,-3.616,0
21816,0.771,0.081,12.902,-1.430,27.126,-3.227,0
21840,0.668,0.036,13.101,-0.903,21.622,-1.631,0
21864,0.716,-0.012,12.821,-0.621,13.492,-0.707,0
21888,0.757,0.024,12.759,-0.399,13.088,-3.059,0
21912,0.371,0.124,12.898,-0.911,9.744,-3.639,0
21936,0.560,0.031,12.835,-0.239,5.378,-0.753,0
21960,0.565,0.036,12.799,-0.140,5.439,-0.891,0
21984,0.553,0.086,12.833,-0.125,6.111,-0.257,0
22008,0.481,0.014,12.900,-0.033,4.935,-0.211,0
22032,0.474,0.057,12.874,-0.117,1.424,-0.570,0
22056,0.543,0.034,12.783,0.227,-3.782,-0.059,0
22080,0.632,0.034,12.713,0.425,-1.966,-0.478,0
22104,0.407,0.007,13.010,0.356,-1.393,-0.975,0
22128,0.517,0.029,12.881,0.723,-7.416,-0.051,0
22152,0.613,0.034,12.792,1.272,-9.271,-0.242,0
22176,0.630,0.105,12.744,0.822,-7.073,-0.234,0
22200,0.584,0.036,12.929,0.547,-7.187,0.231,0
22224,0.910,0.060,12.541,0.692,-8.538,0.338,0
22248,0.761,0.069,12.589,-0.170,-0.950,-0.104,0
22272,0.618,0.041,12.919,0.036,2.760,-0.074,0
22296,0.716,0.079,12.752,0.127,-1.905,-0.028,0
22320,0.694,0.055,12.756,0.043,-0.134,-0.059,0
22344,0.697,0.043,12.900,-0.041,-1.401,0.010,0
22368,0.706,0.048,12.795,0.043,-4.164,0.140,0
22392,0.766,0.062,12.831,0.127,-4.439,0.064,0
22416,0.816,0.101,12.699,0.120,-1.462,0.041,0
22440,0.781,0.034,12.713,0.013,1.569,-0.066,0
22464,0.702,0.057,12.828,-0.018,1.576,-0.082,0
22488,0.804,0.057,12.816,-0.048,-0.210,0.033,0
22512,0.716,0.072,12.807,-0.193,0.011,-0.127,0
22536,0.747,0.091,12.881,-0.224,-0.164,0.018,0
22560,0.761,0.017,12.771,-0.025,-0.355,0.002,0
22584,0.649,0.065,12.842,0.097,0.294,-0.028,0
22608,0.809,0.101,12.704,0.165,-1.240,-0.135,0
22632,0.582,0.132,12.780,0.097,1.775,-0.181,0
22656,0.737,0.117,12.790,-0.125,2.561,-0.143,0
22680,0.711,0.043,12.842,-0.224,2.576,-0.059,0
22704,0.733,0.022,12.819,-0.346,2.034,-0.066,0
22728,0.709,0.091,12.852,-0.216,3.576,0.033,0
22752,0.718,0.055,12.795,-0.170,4.508,-0.074,0
22776,0.658,0.014,12.778,-0.109,4.340,-0.066,0
22800,0.668,0.036,12.768,-0.132,3.218,0.010,0
22824,0.670,0.057,12.814,-0.155,3.538,-0.097,0
22848,0.651,0.067,12.804,-0.338,3.424,-0.120,0
22872,0.627,0.022,12.787,-0.231,3.248,-0.051,0
22896,0.611,0.000,12.799,-0.369,5.553,-0.173,0
22920,0.512,0.081,12.866,-0.575,5.866,-0.120,0
22944,0.579,0.077,12.799,-0.224,5.004,-0.127,0
22968,0.529,0.041,12.740,-0.262,5.943,-0.051,0
22992,0.534,0.005,12.756,-0.369,7.004,0.056,0
23016,0.443,0.074,12.780,-0.231,7.271,0.002,0
23040,0.464,0.045,12.787,-0.064,6.698,-0.158,0
23064,0.390,0.057,12.881,-0.117,7.011,-0.135,0
23088,0.338,0.038,12.787,-0.277,6.317,-0.020,0
23112,0.297,0.024,12.711,0.051,7.927,1.224,0
23136,0.354,0.031,12.895,-0.262,10.256,1.735,0
23159,0.151,0.041,12.850,-0.048,5.088,0.262,0
23182,0.345,0.045,12.732,-0.056,1.851,1.300,0
23205,0.280,0.026,12.795,0.288,2.073,0.506,0
23228,0.297,-0.050,12.756,-0.331,1.912,0.575,0
23252,0.280,-0.043,12.953,-0.170,-0.042,-0.013,0
23276,0.268,0.043,12.857,-0.033,-1.668,-0.051,0
23300,0.294,0.050,12.754,0.188,-1.363,0.163,0
23323,0.321,0.045,12.802,0.120,-0.286,0.132,0
23346,0.321,0.045,12.835,-0.041,2.286,-0.051,0
23370,0.139,0.053,12.938,-0.002,3.874,-0.097,0
23394,0.263,0.093,12.854,-0.170,1.790,-0.120,0
23418,0.273,0.026,12.742,-0.079,2.492,-0.013,0
23442,0.225,0.043,12.814,-0.033,4.584,-0.043,0
23466,0.230,0.060,12.541,0.173,5.859,-0.150,0
23490,0.218,0.053,12.756,0.051,6.683,-0.104,0
23514,0.139,0.060,12.756,-0.262,10.218,-0.593,0
23538,-0.019,0.084,12.823,-0.224,13.920,0.147,0
23562,-0.031,0.077,12.941,-0.361,12.271,-0.051,0
23586,-0.048,0.050,12.902,-0.140,7.355,-0.066,0
23610,-0.069,0.048,12.878,0.059,7.141,0.468,0
23634,-0.026,0.019,12.847,-0.262,5.805,-0.272,0
23658,-0.031,0.036,12.766,-0.239,5.248,-0.478,0
23682,-0.101,0.144,12.725,-0.086,8.523,-0.746,0
23706,-0.067,0.041,12.847,-0.239,9.431,0.262,0
23730,-0.227,0.062,12.799,-0.193,7.508,-0.196,0
23754,-0.172,0.045,12.778,-0.247,5.317,-0.395,0
23778,-0.220,0.060,12.840,-0.178,5.859,-0.425,0
23802,-0.235,0.017,12.766,-0.140,5.378,-0.395,0
23826,-0.271,0.014,12.866,-0.140,4.676,-0.120,0
23850,-0.256,0.053,12.842,-0.132,3.966,-0.089,0
23874,-0.266,0.036,12.780,-0.033,5.172,-0.372,0
23898,-0.290,-0.007,12.744,0.028,5.859,-0.387,0
23922,-0.515,0.069,12.823,-0.033,6.912,-0.013,0
23946,-0.395,0.012,12.974,-0.010,6.286,0.079,0
23970,-0.445,0.010,12.881,-0.064,3.095,-0.372,0
23994,-0.376,0.036,12.807,-0.056,3.225,-0.227,0
24018,-0.453,0.084,12.819,-0.086,5.935,-0.707,0
24042,-0.498,0.019,12.845,-0.094,6.103,-0.456,0
24066,-0.491,0.026,12.833,-0.033,4.958,0.163,0
24090,-0.479,0.034,12.859,-0.002,4.088,0.071,0
24114,-0.479,0.029,12.725,0.066,5.073,0.125,0
24138,-0.594,0.050,12.926,-0.224,5.218,-0.272,0
24162,-0.601,-0.010,12.876,-0.155,0.866,-0.120,0
24186,-0.745,0.053,12.744,0.051,0.172,0.422,0
24210,-0.412,-0.055,12.811,-0.071,1.469,1.376,0
24234,-0.644,0.045,12.795,0.013,0.202,0.178,0
24258,-0.503,-0.010,12.761,0.127,1.401,0.834,0
24282,-0.630,0.024,12.701,-0.094,3.851,0.147,0
24306,-0.529,0.067,12.768,0.005,6.927,0.651,0
24330,-0.668,0.012,12.922,-0.002,7.042,0.147,0
24354,-0.709,0.079,12.847,0.036,1.347,-0.051,0
24378,-0.642,0.048,12.799,-0.163,-0.370,0.025,0
24402,-0.622,0.005,12.866,-0.170,0.225,0.002,0
24426,-0.603,0.012,12.811,-0.163,-0.637,-0.097,0
24450,-0.725,0.038,12.795,-0.048,1.378,-0.364,0
24474,-0.668,0.038,12.775,-0.064,3.676,0.125,0
24498,-0.644,0.002,12.811,0.082,4.553,0.056,0
24522,-0.706,-0.026,12.804,0.013,4.103,-0.242,0
24546,-0.711,0.062,12.749,-0.247,4.042,-0.410,0
24570,-0.713,0.014,12.859,-0.140,4.782,-0.249,0
24594,-0.788,0.065,12.742,0.082,4.866,-0.295,0
24618,-0.678,-0.012,12.752,0.249,6.737,0.308,0
24642,-0.852,0.017,12.821,0.501,6.706,0.407,0
24666,-0.862,-0.026,12.847,0.540,5.645,-0.043,0
24690,-0.883,-0.002,12.795,0.547,5.973,-1.410,0
24714,-0.883,0.053,12.807,0.646,6.011,-0.860,0
24738,-0.962,0.041,12.819,0.341,4.263,-1.020,0
24762,-0.960,0.007,12.823,0.303,3.805,-0.265,0
24786,-0.965,0.026,12.778,0.127,2.378,-0.562,0
24810,-0.867,-0.041,12.740,0.082,1.088,-0.333,0
24834,-0.948,0.031,12.823,-0.033,0.546,-0.349,0
24858,-0.941,0.019,12.744,-0.010,-1.103,-0.204,0
24882,-0.922,0.022,12.823,-0.117,-1.805,-0.211,0
24906,-0.934,0.053,12.747,-0.178,-2.179,-0.043,0
24930,-0.883,0.022,12.759,-0.071,-1.927,-0.456,0
24954,-0.876,0.031,12.826,0.043,-0.286,-0.349,0
24978,-0.924,0.026,12.795,0.043,-0.164,0.010,0
25002,-0.840,0.057,12.658,0.249,1.195,-0.074,0
25026,-1.113,0.069,13.012,0.608,9.607,-0.257,0
25050,-0.927,0.079,12.723,0.402,7.202,-0.089,0
25074,-1.008,0.012,12.807,0.547,8.248,-0.166,0
25098,-1.056,0.026,12.811,0.677,8.729,-0.791,0
25122,-1.073,0.074,12.833,0.791,8.859,-0.998,0
25146,-1.077,0.024,12.708,0.639,7.011,-0.753,0
25170,-1.097,0.031,12.641,0.707,8.706,-0.799,0
25194,-1.343,0.077,13.015,0.532,10.019,-0.433,0
25218,-1.195,0.012,12.687,0.043,1.248,-0.364,0
25242,-1.219,0.103,12.692,0.059,1.630,-0.845,0
25266,-1.199,0.069,12.787,0.005,1.179,-0.402,0
25290,-1.305,0.079,12.773,-0.033,1.057,-0.311,0
25314,-1.130,0.084,12.687,-0.002,1.179,-0.326,0
25338,-1.178,0.055,12.696,-0.132,3.592,-0.433,0
25362,-1.238,0.038,12.809,-0.109,3.492,0.010,0
25386,-1.219,0.077,12.744,-0.109,3.004,-0.127,0
25410,-1.228,0.084,12.737,-0.117,3.011,-0.120,0
25434,-1.152,0.029,12.673,-0.247,3.378,-0.082,0
25458,-1.317,0.069,12.723,-0.140,4.760,-0.654,0
25482,-1.346,0.022,12.732,-0.338,7.454,-1.020,0
25506,-1.341,0.026,12.785,-0.384,10.813,-1.830,0
25530,-1.350,0.062,12.706,-0.224,2.011,-0.433,0
25554,-1.417,0.067,12.701,-0.102,1.187,-0.051,0
25578,-1.353,0.041,12.704,-0.147,0.546,-0.059,0
25602,-1.413,0.036,12.718,-0.033,0.653,0.064,0
25626,-1.384,0.005,12.725,-0.163,1.111,0.025,0
25650,-1.377,0.014,12.773,-0.201,1.141,-0.028,0
25674,-1.537,0.038,12.656,-0.850,4.279,-0.181,0
25698,-1.393,0.031,12.749,-0.315,1.912,-0.020,0
25722,-1.408,0.065,12.677,-0.560,2.485,-0.181,0
25746,-1.518,0.041,12.704,-0.613,3.103,0.010,0
25770,-1.427,0.034,12.699,0.181,-0.996,0.086,0
25794,-1.355,0.010,12.737,0.349,-1.469,0.010,0
25818,-1.451,0.005,12.677,-0.247,1.187,-0.036,0
25842,-1.420,0.002,12.732,-0.033,0.034,-0.013,0
25866,-1.444,0.062,12.718,-0.010,-0.027,-0.066,0
25890,-1.446,0.022,12.735,-0.033,0.088,-0.028,0
25914,-1.415,0.034,12.699,-0.094,0.179,0.041,0
25938,-1.453,0.077,12.780,-0.041,0.126,0.140,0
25962,-1.396,0.034,12.720,-0.071,0.057,-0.005,0
25986,-1.463,0.007,12.718,-0.002,0.050,0.002,0
26010,-1.434,0.050,12.723,-0.071,0.210,-0.013,0
26034,-1.451,0.000,12.752,0.013,0.088,-0.020,0
26058,-1.434,0.012,12.704,0.020,0.019,-0.036,0
26082,-1.489,0.010,12.694,0.020,0.111,-0.074,0
26106,-1.465,0.024,12.749,-0.117,0.118,0.071,0
26130,-1.413,0.050,12.730,0.051,-0.019,-0.089,0
26154,-1.460,0.067,12.682,-0.323,1.660,-0.043,0
26178,-1.489,0.017,12.720,0.043,-0.011,0.002,0
26202,-1.358,0.026,12.754,0.463,-2.355,0.147,0
26226,-1.425,0.036,12.699,-0.476,2.126,-0.104,0
26250,-1.492,0.024,12.763,-0.583,2.645,-0.181,0
26274,-1.448,-0.007,12.732,-0.308,1.363,-0.127,0
26298,-1.420,0.026,12.718,-0.605,2.332,-0.127,0
26322,-1.518,0.045,12.701,-0.743,2.676,-0.127,0
26346,-1.532,0.036,12.665,-0.254,1.340,-0.112,0
26370,-1.496,0.000,12.730,-0.140,0.645,0.002,0
26394,-1.494,0.019,12.687,-0.086,0.508,0.033,0
26418,-1.520,0.007,12.682,-0.094,0.576,-0.020,0
26442,-1.511,0.031,12.744,0.013,0.118,0.010,0
26466,-1.721,-0.014,12.696,0.433,0.042,-2.845,0
26490,-1.496,-0.002,12.673,1.570,-0.393,-9.540,0
26514,-1.379,0.053,12.656,1.356,0.393,-9.776,0
26538,-1.580,-0.017,12.641,0.333,0.821,-3.547,0
26562,-1.432,0.029,12.749,0.517,0.141,-2.837,0
26586,-1.374,0.050,12.730,0.456,-0.859,-0.814,0
26610,-1.580,0.043,12.701,0.013,0.607,0.010,0
26634,-1.532,0.010,12.773,-0.216,1.019,-0.020,0
26658,-1.508,0.022,12.718,-0.376,2.050,-0.059,0
26682,-1.482,0.101,12.737,0.127,2.660,-3.944,0
26706,-1.381,0.007,12.831,-0.025,2.454,-2.883,0
26730,-1.568,0.074,12.692,-0.224,4.462,-0.089,0
26754,-1.559,-0.031,12.711,-0.102,6.248,0.315,0
26778,-1.628,0.034,12.617,-0.018,8.118,0.369,0
26802,-1.597,-0.005,12.670,-0.117,2.393,-0.120,0
26826,-1.721,-0.031,12.771,-0.010,3.103,-0.425,0
26850,-1.630,0.005,12.716,0.280,8.401,0.346,0
26874,-1.662,0.029,12.759,0.685,9.897,-0.456,0
26898,-1.791,0.036,12.708,1.127,14.553,-0.746,0
26922,-1.829,0.019,12.560,1.349,12.294,-1.013,0
26946,-1.729,0.019,12.649,0.761,5.248,-0.990,0
26970,-1.844,0.012,12.689,0.494,4.210,-0.898,0
26994,-1.834,0.017,12.651,0.738,8.309,-0.853,0
27018,-1.829,0.055,12.627,0.692,9.073,-0.158,0
27042,-1.903,0.034,12.663,0.547,10.500,0.102,0
27066,-2.011,0.036,12.531,-0.010,10.248,0.262,0
27090,-2.006,0.017,12.665,-0.277,6.966,-0.135,0
27114,-2.040,0.029,12.720,-0.338,9.088,0.430,0
27138,-2.109,0.034,12.433,-0.583,9.958,0.697,0
27162,-2.145,0.026,12.471,-0.384,3.966,0.560,0
27186,-2.057,0.072,12.699,-0.468,1.195,1.163,0
27210,-2.112,0.019,12.613,-0.659,3.859,0.659,0
27234,-2.133,0.022,12.577,-0.041,2.118,0.354,0
27258,-2.100,0.014,12.629,-0.216,3.279,0.552,0
27282,-2.131,0.041,12.577,-0.270,6.981,0.445,0
27306,-2.224,0.065,12.498,0.036,7.584,0.239,0
27330,-2.219,-0.007,12.514,-0.025,4.156,-0.028,0
27354,-2.298,0.010,12.512,0.265,4.233,-0.158,0
27378,-2.229,0.014,12.579,0.234,0.187,0.025,0
27402,-2.231,0.043,12.668,-0.056,0.118,-0.020,0
27426,-2.270,0.010,12.550,-0.132,0.225,0.056,0
27450,-2.260,-0.019,12.507,-0.567,1.179,0.109,0
27474,-2.243,0.074,12.613,-0.209,1.775,0.125,0
27498,-2.315,0.026,12.495,-0.331,2.935,-0.013,0
27522,-2.236,0.012,12.656,0.082,0.523,-0.036,0
27546,-2.282,0.031,12.608,0.112,2.363,-0.036,0
27570,-2.342,0.007,12.577,0.257,1.042,-0.219,0
27594,-2.282,-0.024,12.594,0.303,0.363,-0.143,0
27618,-2.243,0.072,12.605,0.707,2.195,-0.028,0
27642,-2.322,0.031,12.567,0.944,2.844,-0.417,0
27666,-2.282,0.055,12.601,1.608,5.141,-0.311,0
27690,-2.330,-0.002,12.529,1.601,8.302,-0.013,0
27714,-2.334,0.081,12.634,1.791,7.851,-0.219,0
27738,-2.442,0.012,12.622,2.059,10.737,-0.089,0
27762,-2.404,0.096,12.373,1.356,10.187,0.682,0
27786,-2.488,0.077,12.517,0.204,5.248,0.384,0
27810,-2.485,0.096,12.562,0.303,4.622,-0.204,0
27834,-2.526,0.096,12.471,0.089,5.844,0.590,0
27858,-2.528,0.079,12.464,-0.697,8.248,1.125,0
27882,-2.576,0.048,12.455,-0.354,4.989,1.193,0
27906,-2.567,0.077,12.414,-0.407,4.179,1.613,0
27930,-2.612,0.101,12.440,-0.369,1.676,0.926,0
27954,-2.581,0.074,12.431,-0.369,0.645,0.728,0
27978,-2.602,0.081,12.447,-0.216,1.569,0.384,0
28002,-2.617,0.057,12.476,-0.048,1.508,0.186,0
28026,-2.574,0.101,12.400,-0.071,3.240,0.804,0
28050,-2.557,0.043,12.452,-0.277,1.492,0.140,0
28074,-2.595,0.031,12.455,-0.071,-0.179,-0.372,0
28098,-2.641,0.060,12.424,-0.407,-0.011,-0.234,0
28122,-2.638,0.050,12.510,-0.147,-0.385,-0.036,0
28146,-2.607,0.055,12.536,-0.170,0.897,0.041,0
28170,-2.682,0.139,12.435,-0.300,2.363,0.346,0
28194,-2.614,-0.103,12.215,-0.163,3.973,0.201,0
28218,-2.713,0.043,12.524,-0.109,0.340,0.193,0
28242,-2.804,0.043,12.459,-0.369,5.927,2.018,0
28266,-2.722,0.010,12.548,-0.644,7.103,3.270,0
28290,-2.739,0.062,12.390,-0.178,9.889,4.193,0
28314,-2.729,0.124,12.416,-0.293,6.248,3.323,0
28338,-2.811,0.105,12.479,-0.315,5.752,2.857,0
28362,-2.729,0.098,12.373,0.326,7.073,2.132,0
28386,-2.837,0.045,12.400,0.639,3.844,0.728,0
28410,-2.777,0.113,12.383,1.249,2.615,-0.379,0
28434,-2.863,0.129,12.380,1.188,1.172,-0.082,0
28458,-2.828,0.124,12.352,1.143,-2.095,-0.456,0
28482,-2.861,0.038,12.462,1.631,-3.614,-0.791,0
28506,-2.863,0.113,12.383,1.654,-2.714,-0.448,0
28530,-2.856,0.062,12.450,1.532,-3.630,-0.227,0
28554,-2.897,0.093,12.562,2.509,-1.584,-0.326,0
28578,-2.725,0.101,12.529,4.036,0.233,1.285,0
28602,-2.842,0.146,12.435,4.395,1.156,2.254,0
28626,-2.782,0.192,12.388,4.280,1.431,2.094,0
28650,-2.806,0.206,12.445,3.883,2.027,2.247,0
28674,-2.825,0.256,12.421,3.990,1.767,1.918,0
28698,-2.713,0.254,12.335,3.585,0.294,1.560,0
28722,-2.813,0.251,12.445,3.448,-0.447,0.605,0
28746,-2.787,0.225,12.421,3.471,-0.302,0.499,0
28770,-2.873,0.187,12.548,4.097,-1.141,0.140,0
28794,-2.844,0.306,12.529,5.456,-0.897,0.651,0
28818,-2.854,0.345,12.373,6.364,-0.943,1.308,0
28842,-2.725,0.364,12.337,5.921,-0.553,1.399,0
28866,-2.777,0.373,12.364,4.601,-2.065,0.445,0
28890,-2.866,0.362,12.404,3.868,-2.042,0.132,0
28914,-2.837,0.405,12.390,3.616,-2.790,0.743,0
28938,-2.734,0.431,12.390,3.051,-4.408,0.544,0
28962,-2.686,0.409,12.388,2.494,-4.676,0.094,0
28986,-2.756,0.436,12.412,2.654,-4.866,0.002,0
29010,-2.665,0.407,12.385,2.417,-5.202,-0.211,0
29034,-2.602,0.515,12.292,1.150,-5.073,-0.616,0
29058,-2.670,0.436,12.464,-0.422,-4.477,-1.356,0
29082,-2.653,0.400,12.507,-0.315,-3.385,-1.204,0
29106,-2.729,0.472,12.507,0.562,-3.088,-0.769,0
29130,-2.734,0.462,12.440,0.975,-2.950,-0.272,0
29154,-2.679,0.445,12.462,1.074,-1.920,0.247,0
29178,-2.677,0.426,12.491,2.135,-0.782,0.926,0
29202,-2.576,0.488,12.407,2.837,-2.340,1.376,0
29226,-2.682,0.467,12.301,2.257,-2.363,1.155,0
29250,-2.708,0.496,12.560,2.601,-5.439,1.071,0
29274,-2.492,0.572,12.536,4.043,-10.057,2.002,0
29298,-2.631,0.486,12.335,3.036,-7.683,2.002,0
29322,-2.354,0.529,12.594,3.356,-12.836,2.598,0
29346,-2.473,0.570,12.562,2.387,-5.424,2.125,0
29370,-2.365,0.594,12.440,2.181,-4.958,2.407,0
29394,-2.253,0.632,12.397,1.196,-5.561,1.277,0
29418,-2.387,0.601,12.514,-0.094,-5.042,-0.425,0
29442,-2.296,0.599,12.550,0.425,-5.347,-1.028,0
29466,-2.303,0.563,12.455,0.662,-5.095,-1.639,0
29490,-2.339,0.551,12.526,0.448,-3.500,-1.730,0
29514,-2.279,0.618,12.526,0.791,-2.240,-1.349,0
29538,-2.375,0.565,12.474,0.700,-2.683,-1.433,0
29562,-2.377,0.575,12.517,0.311,-2.912,-0.814,0
29586,-2.246,0.599,12.514,-0.079,-2.538,-0.104,0
29610,-2.313,0.553,12.512,-0.270,-3.355,-0.395,0
29634,-2.243,0.577,12.543,-0.033,-4.294,-0.181,0
29658,-2.298,0.543,12.553,-0.025,-4.103,-0.188,0
29682,-2.272,0.541,12.570,0.112,-4.134,0.231,0
29706,-2.157,0.601,12.514,0.448,-5.492,0.491,0
29730,-2.186,0.584,12.668,0.356,-6.363,-0.097,0
29754,-2.167,0.587,12.503,0.998,-6.477,-0.387,0
29778,-2.057,0.601,12.577,0.601,-7.645,-1.013,0
29802,-2.140,0.613,12.687,0.654,-6.767,-1.669,0
29826,-2.052,0.599,12.543,0.975,-3.744,-1.005,0
29850,-2.049,0.603,12.536,0.746,-3.508,-1.188,0
29874,-2.088,0.601,12.526,0.341,-3.103,-0.578,0
29898,-2.061,0.570,12.605,0.333,-3.401,-0.753,0
29922,-2.023,0.567,12.577,0.723,-2.714,-0.944,0
29946,-2.014,0.579,12.546,0.784,-2.607,-0.891,0
29970,-1.985,0.632,12.538,0.356,-3.599,-1.318,0
29994,-2.045,0.589,12.627,0.104,-3.447,-1.311,0
30018,-1.961,0.615,12.613,0.769,-3.714,-1.059,0
30042,-1.901,0.606,12.493,0.463,-4.050,-1.211,0
30066,-1.911,0.613,12.625,-0.209,-2.630,-1.478,0
30090,-1.923,0.615,12.560,-0.468,-4.569,-1.715,0
30114,-1.918,0.608,12.617,-0.422,-5.393,-1.433,0
30138,-1.932,0.596,12.663,-0.392,-6.424,-1.662,0
30162,-1.935,0.594,12.663,-0.239,-3.607,-0.715,0
30186,-1.877,0.622,12.610,-0.331,-2.744,-0.196,0
30210,-1.820,0.577,12.617,-0.064,-4.080,-0.585,0
30234,-1.812,0.634,12.546,0.234,-5.874,-1.074,0
30258,-1.803,0.433,12.627,-0.331,-10.385,-2.845,0
30282,-1.724,0.642,12.754,0.020,-13.859,-5.242,0
30306,-1.618,0.618,12.673,-0.514,-10.431,-2.372,0
30330,-1.800,0.551,12.831,2.089,-8.454,-2.547,0
30354,-1.786,0.560,12.594,3.196,-8.416,-0.631,0
30378,-1.595,0.618,12.778,2.135,-3.302,0.865,0
30402,-1.544,0.637,12.510,1.402,0.210,0.964,0
30426,-1.650,0.646,12.565,0.311,-2.240,-0.349,0
30450,-1.647,0.611,12.627,-0.209,-2.905,-0.570,0
30474,-1.595,0.615,12.756,-0.262,-2.210,-0.074,0
30498,-1.530,0.630,12.639,0.272,-3.195,0.483,0
30522,-1.425,0.622,12.644,-0.300,-2.676,-0.227,0
30546,-1.544,0.599,12.699,-0.934,-3.492,-1.395,0
30570,-1.475,0.567,12.708,-0.819,-2.950,-1.616,0
30594,-1.463,0.630,12.742,-0.231,-2.714,-1.715,0
30618,-1.444,0.620,12.658,0.097,-3.439,-2.234,0
30642,-1.513,0.567,12.723,0.028,-2.935,-2.952,0
30666,-1.542,0.584,12.797,0.784,-2.225,-2.478,0
30690,-1.475,0.579,12.718,1.372,-1.821,-1.921,0
30714,-1.523,0.613,12.706,1.646,-0.744,-1.417,0
30738,-1.484,0.587,12.749,2.211,-0.645,-0.837,0
30762,-1.477,0.627,12.728,3.020,-0.317,-0.990,0
30786,-1.487,0.658,12.737,4.700,-3.645,-1.219,0
30810,-1.324,0.699,12.732,5.601,-4.698,-1.562,0
30834,-1.580,0.668,12.637,5.417,-2.912,-1.349,0
30858,-1.458,0.718,12.582,4.272,-1.424,-0.181,0
30882,-1.365,0.692,12.639,3.257,-2.958,0.117,0
30906,-1.348,0.730,12.682,2.616,-2.828,-0.089,0
30930,-1.441,0.740,12.603,1.982,-2.706,-0.662,0
30954,-1.477,0.740,12.677,1.364,-2.210,-0.288,0
30978,-1.432,0.754,12.811,1.753,-0.607,0.674,0
31002,-1.401,0.761,12.723,2.746,-0.622,1.323,0
31026,-1.343,0.778,12.706,3.333,-1.355,0.949,0
31050,-1.415,0.788,12.682,3.211,-1.477,0.773,0
31074,-1.302,0.828,12.639,2.555,-0.996,1.048,0
31098,-1.391,0.792,12.689,2.074,-1.011,0.415,0
31122,-1.389,0.819,12.696,2.066,-1.706,0.170,0
31146,-1.336,0.840,12.632,2.059,-1.966,0.079,0
31170,-1.314,0.843,12.716,1.532,-1.706,-0.089,0
31194,-1.408,0.855,12.689,0.837,-0.973,0.048,0
31218,-1.358,0.893,12.689,0.654,-0.385,0.132,0
31242,-1.353,0.848,12.730,1.082,-0.515,0.109,0
31266,-1.324,0.836,12.720,1.982,-0.447,0.147,0
31290,-1.362,0.874,12.682,2.196,-0.561,0.193,0
31314,-1.290,0.848,12.613,1.631,-0.683,0.140,0
31338,-1.372,0.871,12.761,1.318,-1.126,-0.265,0
31362,-1.331,0.922,12.752,2.143,-0.439,0.170,0
31386,-1.336,0.886,12.634,2.608,-0.393,0.384,0
31410,-1.293,0.922,12.704,2.379,-0.706,0.254,0
31434,-1.326,0.891,12.771,2.425,-0.920,0.262,0
31458,-1.274,0.927,12.689,3.074,-0.798,0.438,0
31482,-1.264,0.919,12.651,3.135,-0.721,0.277,0
31506,-1.336,0.950,12.663,2.784,-0.011,0.277,0
31530,-1.331,0.977,12.651,2.875,0.233,0.430,0
31554,-1.269,1.003,12.622,2.501,-0.141,0.438,0
31578,-1.279,0.927,12.706,2.036,-0.263,0.102,0
31602,-1.259,0.965,12.711,2.433,-0.073,0.293,0
31626,-1.305,0.955,12.773,3.165,-0.042,0.293,0
31650,-1.274,0.984,12.668,4.020,-0.034,0.659,0
31674,-1.329,1.034,12.696,4.295,0.111,0.483,0
31698,-1.322,1.061,12.696,4.707,0.462,0.598,0
31722,-1.341,1.089,12.627,4.921,0.386,0.720,0
31746,-1.314,1.101,12.639,4.998,0.378,1.056,0
31770,-1.314,1.125,12.632,4.769,0.004,0.644,0
31794,-1.302,1.101,12.651,4.478,0.523,0.796,0
31818,-1.326,1.168,12.663,3.975,0.813,0.911,0
31842,-1.307,1.180,12.610,3.601,0.592,0.514,0
31866,-1.290,1.190,12.615,3.364,0.462,0.277,0
31890,-1.338,1.188,12.627,3.242,0.263,0.415,0
31914,-1.300,1.207,12.692,3.211,0.302,0.544,0
31938,-1.322,1.243,12.653,3.165,0.271,0.323,0
31962,-1.336,1.279,12.620,2.791,0.462,0.476,0
31986,-1.329,1.240,12.649,2.303,0.187,0.346,0
32010,-1.305,1.257,12.723,1.944,-0.614,0.247,0
32034,-1.326,1.274,12.725,2.181,-0.653,0.109,0
32058,-1.307,1.267,12.663,2.814,-0.370,0.430,0
32082,-1.264,1.279,12.696,2.875,0.034,0.529,0
32106,-1.307,1.283,12.704,3.097,0.424,0.705,0
32130,-1.348,1.331,12.704,3.540,0.531,0.888,0
32154,-1.293,1.324,12.632,3.883,-0.004,0.972,0
32178,-1.300,1.348,12.706,4.074,-0.034,0.712,0
32202,-1.367,1.350,12.651,4.517,0.454,1.224,0
32226,-1.298,1.444,12.589,4.272,0.752,1.537,0
32250,-1.293,1.453,12.613,3.883,-0.057,0.590,0
32274,-1.279,1.401,12.699,3.791,-0.050,0.522,0
32298,-1.300,1.415,12.675,4.364,0.401,1.277,0
32322,-1.214,1.410,12.558,4.295,0.126,1.331,0
32346,-1.300,1.465,12.625,3.700,-0.011,0.468,0
32370,-1.322,1.460,12.677,3.723,0.324,0.376,0
32394,-1.331,1.465,12.577,4.150,0.095,0.575,0
32418,-1.269,1.496,12.673,4.028,-0.332,0.705,0
32442,-1.319,1.508,12.639,4.692,0.355,0.499,0
32466,-1.300,1.561,12.565,4.936,-0.317,0.575,0
32490,-1.267,1.614,12.548,4.456,-0.080,0.583,0
32514,-1.310,1.604,12.610,3.975,0.019,0.354,0
32538,-1.317,1.630,12.596,4.211,0.172,0.598,0
32562,-1.295,1.635,12.562,3.860,-0.439,0.415,0
32586,-1.252,1.621,12.586,3.662,-0.378,0.369,0
32610,-1.298,1.650,12.582,3.944,-0.744,0.010,0
32634,-1.293,1.657,12.558,3.761,-0.286,0.102,0
32658,-1.298,1.666,12.574,3.837,-0.172,0.621,0
32682,-1.312,1.683,12.584,4.074,-0.134,0.544,0
32706,-1.298,1.755,12.503,3.822,-0.179,0.896,0
32730,-1.298,1.693,12.565,3.219,0.134,1.079,0
32754,-1.271,1.726,12.598,3.181,0.042,1.102,0
32778,-1.257,1.765,12.510,3.249,-0.065,0.949,0
32802,-1.300,1.748,12.570,3.043,-0.279,0.323,0
32826,-1.310,1.765,12.512,3.127,-0.179,0.399,0
32850,-1.276,1.781,12.514,2.975,-0.347,0.552,0
32874,-1.295,1.803,12.526,2.761,0.057,0.903,0
32898,-1.235,1.827,12.577,2.272,0.195,0.949,0
32922,-1.274,1.848,12.536,1.967,-0.317,0.468,0
32946,-1.290,1.817,12.586,2.196,-0.485,0.384,0
32970,-1.314,1.834,12.541,2.769,-0.141,0.438,0
32994,-1.317,1.906,12.577,3.257,0.202,1.094,0
33018,-1.279,1.836,12.589,3.196,0.363,1.300,0
33042,-1.231,1.889,12.562,3.188,0.210,1.109,0
33066,-1.355,1.908,12.601,3.249,0.309,0.728,0
33090,-1.307,1.946,12.562,4.020,0.363,1.376,0
33114,-1.298,1.877,12.550,4.547,0.363,1.376,0
33138,-1.346,1.970,12.541,5.036,0.401,1.376,0
33162,-1.257,1.987,12.476,4.868,0.439,1.644,0
33186,-1.295,1.970,12.491,4.074,0.279,0.949,0
33210,-1.334,1.990,12.495,3.975,0.126,1.056,0
33234,-1.262,2.011,12.555,4.204,-0.218,0.972,0
33258,-1.298,2.021,12.534,4.791,-0.347,0.964,0
33282,-1.274,2.085,12.522,5.402,0.095,1.178,0
33306,-1.307,2.116,12.503,5.379,0.263,1.376,0
33330,-1.276,2.073,12.503,5.249,0.195,1.476,0
33354,-1.288,2.107,12.469,5.059,-0.370,1.064,0
33378,-1.250,2.186,12.503,4.898,-0.256,1.064,0
33402,-1.314,2.181,12.495,5.051,-0.515,0.674,0
33426,-1.283,2.210,12.505,5.272,-0.218,1.117,0
33450,-1.247,2.219,12.476,4.898,-0.546,0.972,0
33474,-1.283,2.260,12.514,4.524,-1.141,0.522,0
33498,-1.264,2.265,12.507,4.883,-0.248,0.575,0
33522,-1.283,2.265,12.424,5.165,-0.309,0.422,0
33546,-1.247,2.310,12.440,4.776,0.057,0.621,0
33570,-1.267,2.294,12.498,4.440,0.034,0.376,0
33594,-1.245,2.349,12.419,4.265,0.492,0.499,0
33618,-1.290,2.385,12.428,4.150,0.477,0.354,0
33642,-1.214,2.373,12.438,4.104,0.011,-0.013,0
33666,-1.245,2.399,12.474,4.532,-0.706,-0.669,0
33690,-1.250,2.421,12.373,4.341,-0.981,-0.799,0
33714,-1.262,2.409,12.402,3.379,-1.347,-1.333,0
33738,-1.240,2.430,12.397,2.906,-1.378,-1.173,0
33762,-1.310,2.433,12.445,2.715,-2.210,-1.204,0
33786,-1.271,2.425,12.450,2.593,-2.706,-0.822,0
33810,-1.255,2.437,12.536,2.685,-2.897,-0.578,0
33834,-1.204,2.476,12.498,3.914,-3.240,0.178,0
33858,-1.077,2.449,12.462,4.387,-4.019,0.117,0
33882,-1.166,2.476,12.469,4.685,-2.950,-1.013,0
33906,-1.221,2.557,12.443,4.921,-2.889,-1.051,0
33930,-1.245,2.562,12.378,4.860,-3.126,-0.700,0
33954,-1.128,2.567,12.352,4.662,-1.737,0.155,0
33978,-1.111,2.564,12.414,4.975,-1.508,-0.326,0
34002,-1.135,2.650,12.364,4.639,-2.431,-0.624,0
34026,-1.113,2.658,12.330,3.998,-2.714,-0.540,0
34050,-1.173,2.629,12.299,3.349,-4.538,-1.135,0
34074,-1.087,2.646,12.345,3.051,-5.027,-1.219,0
34098,-1.214,2.660,12.392,2.791,-4.668,-0.654,0
34122,-1.013,2.705,12.464,3.410,-3.546,0.109,0
34146,-1.018,2.674,12.289,3.601,-3.927,-0.097,0
34170,-1.077,2.705,12.325,2.608,-3.744,0.094,0
34194,-0.977,2.715,12.340,1.540,-4.210,0.354,0
34218,-0.982,2.744,12.385,1.097,-3.363,0.392,0
34242,-1.008,2.725,12.397,0.944,-2.866,0.300,0
34266,-0.965,2.727,12.318,0.746,-3.240,-0.104,0
34290,-1.008,2.701,12.347,0.112,-5.050,0.025,0
34314,-0.910,2.744,12.376,-0.415,-5.706,-0.135,0
34338,-0.927,2.708,12.428,-0.751,-5.202,-0.211,0
34362,-0.900,2.708,12.380,-0.682,-5.302,0.102,0
34386,-0.941,2.732,12.419,-0.537,-4.347,0.216,0
34410,-0.867,2.693,12.414,-0.888,-5.118,0.384,0
34434,-0.852,2.693,12.447,-0.544,-5.263,0.170,0
34458,-0.821,2.693,12.402,-0.376,-5.576,0.224,0
34482,-0.797,2.648,12.424,-0.613,-4.630,0.445,0
34506,-0.709,2.689,12.378,-0.667,-6.172,0.231,0
34530,-0.702,2.693,12.366,-0.529,-6.508,-0.219,0
34554,-0.802,2.679,12.392,-0.766,-6.897,-0.921,0
34578,-0.658,2.684,12.380,-1.064,-6.126,0.033,0
34602,-0.678,2.672,12.385,-1.285,-6.218,-0.417,0
34626,-0.697,2.708,12.416,-1.835,-5.149,-0.150,0
34650,-0.639,2.655,12.400,-1.827,-4.370,0.178,0
34674,-0.553,2.626,12.421,-1.751,-3.706,0.147,0
34698,-0.661,2.626,12.431,-1.132,-3.378,-0.395,0
34722,-0.670,2.619,12.474,-0.850,-3.859,-0.547,0
34746,-0.639,2.665,12.474,-0.407,-5.836,-0.173,0
34770,-0.543,2.626,12.368,-0.636,-6.622,0.048,0
34794,-0.479,2.653,12.383,-1.132,-5.882,-0.555,0
34818,-0.496,2.612,12.426,-1.407,-5.897,-0.898,0
34842,-0.488,2.643,12.440,-1.575,-6.950,-0.486,0
34866,-0.589,2.602,12.431,-1.499,-6.683,-0.295,0
34890,-0.383,2.576,12.450,-1.224,-6.057,0.674,0
34914,-0.409,2.595,12.455,-1.552,-6.844,0.018,0
34938,-0.357,2.600,12.390,-1.964,-7.294,-0.043,0
34962,-0.373,2.583,12.419,-1.888,-5.553,0.384,0
34986,-0.352,2.598,12.462,-1.674,-4.920,0.804,0
35010,-0.275,2.595,12.474,-1.178,-5.042,0.674,0
35034,-0.316,2.598,12.476,-1.163,-5.302,0.140,0
35058,-0.249,2.605,12.459,-1.346,-5.729,0.170,0
35082,-0.201,2.564,12.481,-1.583,-5.553,0.346,0
35106,-0.151,2.504,12.421,-1.460,-4.859,0.186,0
35130,-0.232,2.535,12.538,-1.323,-5.729,-0.471,0
35154,-0.165,2.540,12.457,-1.071,-6.706,-0.265,0
35178,-0.168,2.512,12.388,-0.941,-7.950,-0.280,0
35202,-0.069,2.552,12.366,-1.415,-7.073,-0.143,0
35226,-0.089,2.543,12.435,-1.804,-5.897,-0.433,0
35250,-0.101,2.497,12.495,-2.041,-4.966,-0.356,0
35274,-0.156,2.533,12.567,-0.972,-4.065,-0.280,0
35298,-0.057,2.682,12.469,-0.376,-5.347,-0.089,0
35322,0.007,2.516,12.553,-0.178,-4.500,0.682,0
35346,0.050,2.497,12.500,0.104,-4.263,0.132,0
35370,-0.012,2.466,12.522,0.288,-3.981,-0.288,0
35394,-0.017,2.543,12.447,0.654,-2.454,0.193,0
35418,0.105,2.674,12.447,0.410,-2.195,0.438,0
35442,0.007,2.483,12.536,0.547,-2.515,-0.097,0
35466,-0.002,2.504,12.431,0.425,-3.622,0.277,0
35490,0.055,2.555,12.414,-0.125,-3.790,0.438,0
35514,0.086,2.626,12.414,-0.659,-3.302,0.239,0
35538,0.105,2.512,12.390,-2.041,-4.286,-0.288,0
35562,0.081,2.514,12.457,-2.987,-4.553,-0.036,0
35586,0.098,2.504,12.617,-2.743,-4.073,-0.112,0
35610,0.124,2.490,12.522,-1.384,-3.515,0.628,0
35634,0.170,2.459,12.548,-0.170,-3.637,1.079,0
35658,0.172,2.452,12.474,0.547,-3.469,0.888,0
35682,0.227,2.485,12.395,0.463,-2.698,0.949,0
35706,0.206,2.521,12.402,-0.835,-3.782,0.354,0
35730,0.220,2.526,12.431,-1.880,-4.553,0.102,0
35754,0.259,2.490,12.483,-2.567,-4.179,0.224,0
35778,0.278,2.435,12.560,-2.697,-4.737,-0.631,0
35802,0.206,2.454,12.481,-2.514,-4.966,-0.624,0
35826,0.220,2.473,12.481,-2.506,-4.279,-0.166,0
35850,0.347,2.399,12.462,-3.247,-5.950,-0.059,0
35874,0.373,2.444,12.464,-3.697,-6.149,-0.311,0
35898,0.362,2.380,12.488,-4.201,-5.118,-0.028,0
35922,0.364,2.418,12.570,-4.308,-5.500,-0.143,0
35946,0.479,2.298,12.519,-3.941,-5.637,-0.188,0
35970,0.546,2.289,12.610,-3.392,-5.485,-0.990,0
35994,0.472,2.327,12.536,-2.903,-8.897,-1.998,0
36018,0.381,2.409,12.488,-2.033,-7.637,-1.005,0
36042,0.498,2.313,12.459,-2.361,-9.485,-0.578,0
36066,0.551,2.303,12.493,-1.918,-7.240,0.201,0
36090,0.627,2.279,12.574,-1.506,-5.889,-0.242,0
36114,0.591,2.315,12.481,-1.857,-6.546,-1.051,0
36138,0.584,2.284,12.514,-1.369,-4.034,-0.654,0
36162,0.603,2.330,12.505,-1.438,-4.248,-0.517,0
36186,0.644,2.306,12.380,-2.506,-5.576,-0.043,0
36210,0.692,2.267,12.500,-3.064,-4.966,0.163,0
36234,0.668,2.279,12.541,-3.445,-3.821,-0.066,0
36258,0.687,2.215,12.505,-3.338,-3.378,0.041,0
36282,0.697,2.241,12.565,-3.338,-4.286,-0.524,0
36306,0.711,2.229,12.586,-2.705,-3.950,-0.540,0
36330,0.785,2.174,12.495,-2.430,-4.676,-0.578,0
36354,0.742,2.176,12.548,-2.773,-6.118,-0.837,0
36378,0.824,2.191,12.548,-2.598,-4.859,-0.494,0
36402,0.831,2.176,12.565,-2.453,-4.935,-0.395,0
36426,0.838,2.136,12.627,-1.957,-5.042,-0.326,0
36450,0.871,2.150,12.570,-2.315,-6.851,-0.906,0
36474,0.852,2.164,12.488,-3.170,-7.531,-1.120,0
36498,0.891,2.105,12.548,-3.644,-6.614,-0.707,0
36522,0.929,2.138,12.529,-4.193,-6.653,-0.349,0
36546,0.946,2.081,12.555,-5.117,-8.179,-0.807,0
36570,0.941,2.071,12.560,-4.453,-7.966,-0.463,0
36594,1.061,2.064,12.512,-3.720,-6.187,0.445,0
36618,1.068,2.021,12.507,-3.209,-5.294,0.293,0
36642,1.049,2.042,12.486,-2.987,-5.523,0.285,0
36666,1.068,1.994,12.574,-2.995,-6.210,0.453,0
36690,1.135,2.009,12.474,-3.254,-6.882,-0.150,0
36714,1.142,2.021,12.536,-3.170,-5.370,0.086,0
36738,1.185,1.990,12.519,-3.048,-5.149,0.537,0
36762,1.156,1.975,12.572,-2.819,-3.813,0.315,0
36786,1.159,1.968,12.558,-2.598,-2.760,0.476,0
36810,1.149,1.951,12.479,-3.522,-4.477,0.392,0
36834,1.171,1.963,12.562,-4.064,-4.164,0.758,0
36858,1.276,1.889,12.505,-4.453,-6.660,0.277,0
36882,1.329,1.903,12.641,-4.407,-6.622,-0.112,0
36906,1.336,1.887,12.598,-4.170,-7.676,-0.501,0
36930,1.259,1.853,12.538,-3.445,-6.095,-0.524,0
36954,1.358,1.851,12.562,-2.880,-6.149,-0.395,0
36978,1.427,1.841,12.558,-2.812,-5.874,-0.692,0
37002,1.365,1.832,12.572,-2.781,-4.172,-0.608,0
37026,1.465,1.803,12.524,-2.590,-3.546,-0.265,0
37050,1.362,1.822,12.579,-2.147,-2.569,-0.036,0
37074,1.460,1.848,12.481,-1.728,-3.454,-0.036,0
37098,1.417,1.836,12.543,-1.399,-2.156,-0.104,0
37122,1.439,1.781,12.548,-1.842,-4.088,-0.532,0
37146,1.451,1.793,12.500,-1.773,-3.721,-0.173,0
37170,1.453,1.793,12.519,-1.514,-2.149,0.140,0
37194,1.463,1.743,12.500,-1.896,-3.202,-0.150,0
37218,1.544,1.774,12.536,-2.064,-4.279,-0.295,0
37242,1.511,1.793,12.488,-2.041,-5.279,-0.234,0
37266,1.547,1.748,12.495,-2.285,-5.378,-0.280,0
37290,1.549,1.745,12.555,-2.155,-5.485,-0.181,0
37314,1.559,1.697,12.620,-1.926,-4.897,0.789,0
37338,1.662,1.712,12.445,-2.873,-7.431,0.453,0
37362,1.607,1.721,12.447,-3.613,-5.935,-0.288,0
37386,1.618,1.705,12.579,-4.186,-4.324,0.224,0
37410,1.683,1.686,12.546,-4.209,-5.706,0.338,0
37434,1.721,1.659,12.503,-3.972,-4.576,0.277,0
37458,1.738,1.618,12.572,-3.789,-3.508,0.209,0
37482,1.731,1.604,12.605,-3.857,-4.698,-0.120,0
37506,1.681,1.602,12.404,-4.048,-6.821,-0.578,0
37530,1.748,1.602,12.395,-4.109,-5.202,0.002,0
37554,1.808,1.578,12.483,-4.934,-3.653,0.514,0
37578,1.786,1.580,12.512,-5.682,-4.775,0.361,0
37602,1.796,1.544,12.610,-4.644,-3.782,0.155,0
37626,1.786,1.535,12.601,-3.751,-5.645,0.308,0
37650,1.829,1.590,12.500,-3.018,-4.126,1.178,0
37674,1.884,1.511,12.488,-2.941,-2.592,1.254,0
37698,1.887,1.444,12.455,-3.880,-4.592,0.369,0
37722,1.927,1.453,12.541,-4.041,-3.500,1.071,0
37746,1.913,1.487,12.543,-4.315,-3.866,0.483,0
37770,1.889,1.444,12.474,-4.361,-5.149,-0.112,0
37794,1.946,1.441,12.543,-3.865,-4.844,-0.143,0
37818,1.975,1.413,12.550,-3.674,-4.798,-0.059,0
37842,2.025,1.410,12.421,-4.201,-5.844,-0.341,0
37866,1.999,1.367,12.445,-4.819,-5.050,-0.524,0
37890,1.973,1.355,12.536,-4.995,-3.981,-0.509,0
37914,2.042,1.346,12.538,-4.476,-3.355,-0.036,0
37938,2.097,1.307,12.469,-4.132,-3.798,-0.196,0
37962,2.047,1.326,12.491,-3.537,-2.851,-0.143,0
37986,2.126,1.322,12.510,-3.109,-2.195,0.018,0
38010,2.109,1.310,12.495,-2.720,-1.874,-0.135,0
38034,2.049,1.259,12.500,-2.506,-2.683,-0.143,0
38058,2.114,1.250,12.526,-2.033,-1.034,0.460,0
38082,2.143,1.250,12.526,-1.957,-2.553,0.247,0
38106,2.102,1.221,12.550,-1.880,-2.599,0.270,0
38130,2.112,1.250,12.548,-1.804,-2.103,0.430,0
38154,2.145,1.219,12.486,-2.163,-2.614,0.300,0
38178,2.155,1.209,12.486,-2.567,-2.775,0.178,0
38202,2.102,1.223,12.481,-2.911,-1.920,-0.104,0
38226,2.138,1.164,12.531,-3.323,-1.660,0.079,0
38250,2.155,1.168,12.438,-3.170,-1.714,0.064,0
38274,2.200,1.173,12.488,-2.995,-1.546,0.331,0
38298,2.116,1.152,12.469,-3.140,-1.760,-0.051,0
38322,2.152,1.142,12.550,-3.376,-1.882,0.300,0
38346,2.217,1.147,12.550,-3.399,-2.340,0.201,0
38370,2.207,1.130,12.510,-3.132,-2.424,-0.112,0
38394,2.193,1.120,12.526,-2.735,-2.363,0.178,0
38418,2.205,1.135,12.522,-2.918,-2.202,0.430,0
38442,2.215,1.032,12.488,-2.896,-2.149,0.102,0
38466,2.236,1.030,12.526,-2.583,-2.240,0.346,0
38490,2.236,1.082,12.435,-2.468,-3.187,0.293,0
38514,2.291,1.018,12.471,-1.781,-1.721,0.636,0
38538,2.241,0.994,12.447,-1.812,-1.439,0.254,0
38562,2.279,1.037,12.424,-2.552,-2.805,0.033,0
38586,2.339,1.008,12.424,-3.315,-2.164,0.361,0
38610,2.198,1.056,12.512,-4.109,-1.851,0.293,0
38634,2.385,0.958,12.457,-4.605,-2.286,0.773,0
38658,2.344,0.955,12.486,-4.911,-1.294,0.018,0
38682,2.188,0.982,12.455,-5.399,-3.080,0.064,0
38706,2.236,0.907,12.656,-4.186,-1.424,1.812,0
38730,2.504,0.915,12.447,-3.186,-0.592,2.499,0
38754,2.421,0.860,12.392,-4.155,-0.645,0.086,0
38778,2.413,0.845,12.438,-5.499,-1.401,-1.188,0
38802,2.286,0.850,12.505,-6.605,-0.973,-2.059,0
38826,2.243,0.812,12.661,-5.453,-0.370,-0.723,0
38850,2.277,0.838,12.682,-2.598,-2.027,1.102,0
38874,2.485,0.783,12.433,-1.621,-3.416,0.682,0
38898,2.488,0.730,12.368,-2.002,-1.027,-0.372,0
38922,2.303,0.795,12.550,-2.674,0.141,-0.860,0
38946,2.284,0.757,12.591,-1.903,0.172,0.254,0
38970,2.485,0.826,12.464,-0.048,0.676,0.705,0
38994,2.401,0.792,12.491,-0.499,-0.485,0.300,0
39018,2.342,0.797,12.474,-0.300,1.103,0.880,0
39042,2.224,0.836,12.424,-1.766,-1.798,-0.326,0
39066,2.588,0.737,12.457,-1.918,-1.187,0.422,0
39090,2.399,0.759,12.455,-2.918,-1.515,-0.875,0
39114,2.392,0.728,12.584,-2.682,-0.317,-0.624,0
39138,2.315,0.766,12.462,-2.117,-0.927,-0.669,0
39162,2.349,0.745,12.435,-1.980,0.225,0.552,0
39186,2.423,0.682,12.419,-2.682,0.538,0.804,0
39210,2.368,0.690,12.519,-2.193,2.225,1.155,0
39234,2.437,0.682,12.414,-1.751,1.721,0.911,0
39258,2.322,0.675,12.488,-3.430,1.103,0.285,0
39282,2.342,0.663,12.613,-2.896,2.645,1.293,0
39306,2.344,0.661,12.435,-3.430,0.492,0.850,0
39330,2.358,0.611,12.464,-4.354,-0.179,0.613,0
39354,2.342,0.527,12.670,-4.270,-1.118,0.476,0
39378,2.327,0.620,12.455,-3.376,-1.179,0.216,0
39402,2.468,0.632,12.474,-3.766,-1.508,0.163,0
39426,2.387,0.560,12.546,-4.712,-2.225,-0.662,0
39450,2.399,0.560,12.596,-4.170,-1.721,-0.311,0
39474,2.322,0.555,12.546,-3.667,-2.095,-0.242,0
39498,2.406,0.548,12.615,-2.529,0.011,0.247,0
39522,2.380,0.498,12.601,-1.178,-0.088,0.361,0
39546,2.380,0.577,12.447,-0.796,-2.111,0.178,0
39570,2.377,0.532,12.440,-1.056,-1.637,0.453,0
39594,2.377,0.524,12.395,-1.720,-1.790,1.140,0
39618,2.440,0.510,12.479,-2.796,-1.584,0.918,0
39642,2.447,0.508,12.503,-3.552,-1.477,0.613,0
39666,2.435,0.443,12.538,-3.147,-0.958,0.552,0
39690,2.425,0.488,12.625,-2.270,-0.874,0.567,0
39714,2.488,0.441,12.452,-1.827,-1.821,0.636,0
39738,2.397,0.407,12.522,-1.430,0.294,0.995,0
39762,2.540,0.448,12.388,-1.346,-0.011,0.834,0
39786,2.449,0.397,12.431,-2.613,-0.393,0.170,0
39810,2.449,0.369,12.483,-2.636,1.859,0.789,0
39834,2.430,0.457,12.550,-1.590,1.347,0.598,0
39858,2.404,0.462,12.428,-1.552,0.263,0.544,0
39882,2.399,0.357,12.464,-1.850,2.095,1.079,0
39906,2.456,0.443,12.467,-2.125,2.408,0.941,0
39930,2.406,0.405,12.426,-3.369,0.202,0.186,0
39954,2.435,0.354,12.538,-4.865,0.431,0.331,0
39978,2.351,0.354,12.620,-4.506,1.034,-0.036,0
40002,2.444,0.333,12.507,-3.697,-0.905,0.430,0
40026,2.425,0.271,12.546,-3.628,-1.408,0.361,0
40050,2.478,0.249,12.524,-3.048,-1.271,0.766,0
40074,2.373,0.326,12.524,-2.735,-1.179,0.262,0
40098,2.401,0.251,12.412,-3.552,-1.538,0.384,0
40122,2.480,0.261,12.567,-4.293,-0.973,0.598,0
40146,2.416,0.242,12.692,-2.117,0.477,0.842,0
40170,2.423,0.271,12.491,-0.430,-2.004,0.384,0
40194,2.495,0.199,12.459,-0.651,-0.683,0.491,0
40218,2.444,0.239,12.526,-0.751,0.240,0.338,0
40242,2.406,0.232,12.534,-0.674,-0.508,0.147,0
40266,2.483,0.235,12.514,-0.705,-0.927,0.331,0
40290,2.411,0.235,12.534,-0.674,0.004,0.132,0
40314,2.418,0.278,12.500,-0.499,0.469,0.201,0
40338,2.523,0.247,12.498,-0.712,-0.385,0.201,0
40362,2.423,0.223,12.450,-0.957,-0.355,-0.005,0
40386,2.404,0.220,12.531,-1.331,-0.645,-0.028,0
40410,2.464,0.223,12.483,-1.239,-1.370,-0.127,0
40434,2.456,0.230,12.493,-1.079,-0.676,-0.112,0
40458,2.452,0.239,12.495,-0.941,1.179,-0.066,0
40482,2.399,0.172,12.517,-1.697,-0.004,-0.204,0
40506,2.473,0.196,12.402,-1.338,0.882,-0.112,0
40530,2.370,0.172,12.433,-1.323,3.401,0.140,0
40554,2.433,0.160,12.517,-1.667,2.332,-0.166,0
40578,2.430,0.151,12.500,-1.071,3.729,-0.074,0
40602,2.444,0.127,12.488,-1.438,3.622,-0.196,0
40626,2.363,0.165,12.546,-1.155,4.889,-0.089,0
40650,2.547,0.124,12.483,-1.201,5.927,0.903,0
40674,2.394,0.160,12.594,-0.980,5.553,0.048,0
40698,2.284,0.117,12.555,-1.002,4.752,-0.219,0
40722,2.298,0.136,12.488,-0.689,4.676,-0.028,0
40746,2.207,0.196,12.541,-0.682,5.882,0.109,0
40770,2.181,0.158,12.644,-1.041,4.889,0.025,0
40794,2.212,0.103,12.543,-0.896,3.073,-0.112,0
40818,2.236,0.108,12.560,-0.567,4.240,0.163,0
40842,2.263,0.089,12.682,-0.751,3.737,-0.158,0
40866,2.205,0.091,12.546,-0.583,2.729,-0.158,0
40890,2.205,0.093,12.613,-0.346,3.844,0.193,0
40914,2.112,0.134,12.605,-0.522,3.118,0.216,0
40938,2.140,0.153,12.651,-0.384,2.294,0.094,0
40962,2.133,0.129,12.644,-0.231,0.927,0.064,0
40986,2.215,0.113,12.598,-0.575,-1.225,0.094,0
41010,2.124,0.103,12.665,-0.247,1.149,0.163,0
41034,2.140,0.101,12.565,-0.315,-0.195,-0.204,0
41058,2.200,0.148,12.524,-0.361,-0.561,0.018,0
41082,2.138,0.132,12.510,-0.308,0.996,0.033,0
41106,2.169,0.108,12.629,-0.285,1.866,-0.501,0
41130,2.176,0.132,12.522,-0.117,1.531,-0.143,0
41154,2.090,0.120,12.591,-0.178,2.836,0.025,0
41178,2.176,0.124,12.538,-0.010,3.294,-0.043,0
41202,2.105,0.110,12.591,-0.186,1.187,-0.104,0
41226,2.037,-0.024,12.620,-0.361,2.080,-0.127,0
41250,2.131,0.182,12.522,-0.468,3.569,-0.082,0
41274,2.035,0.091,12.625,-0.552,6.897,0.323,0
41298,2.064,0.089,12.656,-0.743,5.660,-0.830,0
41322,2.064,0.057,12.601,-0.567,5.011,-0.982,0
41346,2.009,0.132,12.550,-0.430,4.408,-0.463,0
41370,1.978,0.098,12.639,-0.682,5.386,-0.944,0
41394,1.954,0.120,12.673,-0.712,4.363,-1.227,0
41418,1.903,0.086,12.644,-0.918,3.080,-1.143,0
41442,1.935,0.105,12.701,-1.384,3.958,-1.417,0
41466,2.045,0.077,12.486,-1.170,2.569,-1.486,0
41490,2.109,0.249,12.632,0.013,1.592,-1.524,0
41514,1.858,0.134,12.665,-0.857,3.882,-0.463,0
41538,1.906,0.098,12.658,-1.537,3.538,-1.593,0
41562,1.858,0.031,12.579,-0.903,2.943,-1.471,0
41586,1.762,-0.249,12.756,-5.957,4.523,-4.280,0
41610,1.870,0.086,12.589,-4.415,-0.187,-5.051,0
41634,1.032,-0.206,12.637,-3.560,-2.149,-9.624,0
41658,2.195,-0.115,11.892,-2.903,-4.431,-4.150,0
41682,1.911,0.048,12.749,0.478,6.034,-1.188,0
41706,1.841,0.057,12.740,0.921,3.966,-0.372,0
41730,1.817,0.081,12.629,0.463,3.286,-0.723,0
41754,1.745,0.038,12.656,0.654,1.973,-1.196,0
41778,1.748,0.144,12.591,1.066,1.668,-0.799,0
41802,2.085,0.156,12.512,2.028,1.393,-1.234,0
41826,1.767,0.002,12.613,2.097,1.782,0.125,0
41850,1.829,0.120,12.656,1.936,2.538,0.323,0
41874,1.776,0.074,12.723,0.929,7.324,1.117,0
41898,1.753,0.101,12.699,0.417,5.263,0.834,0
41922,1.724,0.067,12.653,0.089,4.386,0.293,0
41946,1.666,0.060,12.730,0.204,4.508,0.376,0
41970,1.774,0.041,12.641,0.471,4.553,0.728,0
41994,1.745,0.120,12.591,0.868,8.271,1.636,0
42018,1.652,0.043,12.684,0.769,10.134,2.781,0
42042,1.848,0.146,12.565,0.723,9.569,3.086,0
42066,1.664,-0.103,12.732,1.532,11.897,6.331,0
42090,0.792,-0.220,13.123,1.624,15.721,7.529,0
42114,1.618,0.335,12.550,-0.422,-5.240,-0.807,0
42138,1.458,0.069,12.740,-0.056,3.378,0.064,0
42162,1.470,0.048,12.711,0.051,1.370,-0.166,0
42186,1.401,0.136,12.687,-0.079,3.210,-0.791,0
42210,1.549,0.158,12.773,-0.338,5.828,-0.914,0
42234,1.429,0.079,12.732,-0.079,4.508,0.033,0
42258,1.401,0.113,12.718,-0.079,2.645,0.002,0
42282,1.482,0.089,12.677,-0.064,3.149,-0.104,0
42306,1.068,-0.014,12.833,-0.476,4.790,-2.265,0
42330,1.496,0.294,12.701,-1.102,0.485,-4.830,0
42354,1.456,0.132,12.668,-0.308,2.141,-1.257,0
42378,1.310,0.053,12.797,-0.804,1.355,-2.501,0
42402,1.255,0.074,12.677,-0.728,-0.836,-3.669,0
42426,1.403,0.077,12.866,-1.308,-1.439,-4.272,0
42450,1.504,0.081,12.684,-1.483,-1.653,-3.715,0
42474,1.439,0.055,12.637,-2.048,1.492,-2.685,0
42498,1.393,0.093,12.821,-1.537,1.553,-2.089,0
42522,1.444,0.129,12.752,-2.651,-0.515,-1.967,0
42546,1.247,-0.182,12.507,-4.041,1.485,0.880,0
42570,1.403,0.060,12.644,-2.567,1.851,-0.921,0
42594,1.451,0.053,12.761,-2.682,3.317,0.002,0
42618,1.092,-0.189,12.783,-3.254,3.599,2.086,0
42642,1.355,-0.057,12.723,-2.926,0.386,-1.104,0
42666,1.372,0.029,12.854,-3.445,-0.011,-1.341,0
42690,1.444,-0.002,12.541,-2.209,-0.760,-1.074,0
42714,1.245,-0.062,12.787,-0.376,0.805,0.224,0
42738,1.255,-0.093,12.752,-0.857,1.950,-0.211,0
42762,1.336,-0.007,12.747,-0.583,0.943,-0.356,0
42786,1.346,-0.012,12.653,0.066,0.187,-0.066,0
42810,1.302,-0.067,12.783,-0.430,0.615,-0.028,0
42834,1.322,-0.038,12.747,-1.293,-0.439,-0.211,0
42858,1.355,-0.007,12.684,-1.598,0.676,0.201,0
42882,1.336,-0.079,12.742,-1.613,2.698,0.689,0
42906,1.219,-0.089,12.828,-0.835,1.126,0.804,0
42930,1.286,-0.065,12.735,-1.980,1.073,-0.219,0
42954,1.360,-0.093,12.744,-3.659,2.798,-0.456,0
42978,1.281,-0.163,12.747,-3.438,2.386,-0.425,0
43002,1.326,-0.029,12.651,-3.430,2.836,-0.440,0
43026,1.178,-0.146,12.948,-5.315,5.447,-1.188,0
43050,1.314,-0.113,12.668,-4.560,0.240,-1.677,0
43074,0.838,-0.378,12.649,-4.216,-0.454,-0.746,0
43098,1.166,-0.213,12.768,-5.209,-0.050,-0.486,0
43122,1.283,-0.182,12.866,-6.529,-1.859,-0.776,0
43146,1.322,-0.204,12.584,-6.483,-2.744,-1.746,0
43170,1.264,-0.232,12.658,-4.506,0.263,-0.753,0
43194,1.255,-0.304,12.912,-4.438,0.042,-0.288,0
43218,1.298,-0.376,12.694,-5.415,-0.836,-1.585,0
43242,1.381,-0.309,12.644,-3.743,-0.103,-1.143,0
43266,1.276,-0.266,12.797,-2.583,-0.095,0.277,0
43290,1.281,-0.345,12.804,-3.483,-1.118,-0.166,0
43314,1.343,-0.342,12.646,-4.262,-0.118,-0.540,0
43338,1.336,-0.354,12.711,-3.621,1.202,0.407,0
43362,1.267,-0.412,12.704,-2.980,1.447,0.819,0
43386,1.006,-0.611,12.608,-2.575,2.118,0.659,0
43410,1.319,-0.321,12.740,-3.170,1.118,0.102,0
43434,1.300,-0.357,12.706,-3.193,1.790,-0.799,0
43458,1.312,-0.433,12.610,-1.911,1.302,-0.158,0
43482,1.082,-0.503,12.819,-1.590,2.156,0.842,0
43506,1.106,-0.476,12.922,-3.033,2.691,-0.150,0
43530,1.250,-0.527,12.661,-3.270,0.813,-0.601,0
43554,1.298,-0.484,12.687,-3.239,2.386,-0.417,0
43578,1.197,-0.479,12.740,-2.506,2.927,0.438,0
43602,1.118,-0.510,12.804,-3.354,2.821,-0.410,0
43626,1.211,-0.486,12.747,-3.995,3.294,-1.036,0
43650,1.185,-0.505,12.785,-4.002,2.279,-0.311,0
43674,1.116,-0.532,12.807,-5.048,3.943,-0.501,0
43698,1.144,-0.541,12.749,-5.018,3.615,-0.471,0
43722,1.065,-0.584,12.689,-4.132,3.851,-0.425,0
43746,1.065,-0.577,12.718,-4.346,6.973,-0.837,0
43770,1.111,-0.520,12.761,-4.285,3.836,0.109,0
43794,1.046,-0.666,12.747,-4.277,5.447,0.140,0
43818,1.109,-0.551,12.725,-4.575,6.149,0.102,0
43842,1.056,-0.646,12.759,-4.689,6.179,-0.211,0
43866,1.056,-0.697,12.613,-4.086,6.500,0.453,0
43890,0.991,-0.728,12.766,-3.812,9.447,1.170,0
43914,0.867,-0.685,12.833,-3.850,8.676,1.537,0
43938,0.898,-0.735,12.831,-3.987,4.408,0.323,0
43962,0.912,-0.819,12.615,-4.002,3.920,0.147,0
43986,0.843,-0.757,12.761,-2.476,5.309,0.659,0
44010,0.912,-0.737,12.723,-1.896,4.912,0.651,0
44034,0.742,-0.757,12.756,-2.399,6.202,0.583,0
44058,0.867,-0.754,12.749,-2.476,3.378,1.071,0
44082,0.728,-0.840,12.814,-2.873,1.813,0.041,0
44106,0.783,-0.800,12.766,-2.926,1.645,0.125,0
44130,0.773,-0.783,12.766,-2.781,1.179,-0.074,0
44154,0.797,-0.895,12.591,-2.522,0.714,-0.562,0
44178,0.795,-0.826,12.677,-1.766,1.882,-0.211,0
44202,0.776,-0.766,12.826,-1.476,1.706,0.041,0
44226,0.781,-0.831,12.804,-1.980,0.095,-0.104,0
44250,0.733,-0.879,12.708,-1.850,0.424,0.094,0
44274,0.783,-0.879,12.696,-1.422,-0.195,0.407,0
44298,0.795,-0.910,12.661,-0.842,0.447,0.987,0
44322,0.692,-0.826,12.708,-0.270,3.172,1.552,0
44346,0.725,-0.910,12.838,-1.132,5.317,1.506,0
44370,0.675,-0.948,12.787,-1.552,3.172,1.018,0
44394,0.735,-0.888,12.756,-1.277,3.653,1.186,0
44418,0.620,-0.867,12.807,-0.926,5.973,1.857,0
44442,0.577,-0.941,12.819,-1.598,5.729,1.949,0
44466,0.634,-0.982,12.689,-2.231,7.370,1.926,0
44490,0.577,-0.879,12.811,-2.514,8.233,2.056,0
44514,0.577,-0.922,12.761,-2.399,6.317,1.957,0
44538,0.436,-1.003,12.809,-2.132,6.615,2.094,0
44562,0.491,-0.972,12.735,-2.300,6.515,1.285,0
44586,0.445,-0.967,12.854,-1.117,4.897,1.384,0
44610,0.441,-0.991,12.842,-1.140,2.767,0.674,0
44634,0.424,-0.991,12.718,-1.499,3.576,0.575,0
44658,0.491,-0.960,12.747,-0.941,3.721,0.987,0
44682,0.409,-0.917,12.756,-0.911,3.195,0.926,0
44706,0.362,-1.008,12.673,-1.323,3.821,1.056,0
44730,0.352,-1.003,12.708,-0.743,4.469,1.033,0
44754,0.347,-0.972,12.809,-0.926,4.553,0.911,0
44778,0.419,-0.984,12.775,-1.239,5.439,1.056,0
44802,0.302,-1.008,12.804,-0.842,5.607,1.445,0
44826,0.314,-0.979,12.749,-0.506,4.103,1.346,0
44850,0.297,-0.953,12.871,-1.361,4.126,1.712,0
44874,0.302,-1.001,12.711,-1.987,4.851,2.002,0
44898,0.249,-1.080,12.816,-2.025,5.523,2.064,0
44922,0.237,-1.039,12.689,-1.980,5.927,2.239,0
44946,0.189,-1.061,12.728,-1.743,6.095,1.522,0
44970,0.187,-1.030,12.737,-1.354,5.798,1.453,0
44994,0.156,-1.113,12.687,-1.224,7.172,1.796,0
45018,0.050,-1.109,12.742,-1.033,8.660,1.880,0
45042,0.120,-1.051,12.840,-1.590,9.836,1.682,0
45066,-0.005,-1.082,12.821,-1.560,9.172,1.384,0
45090,-0.010,-1.070,12.795,-2.041,9.034,0.773,0
45114,-0.031,-1.061,12.802,-1.980,8.668,0.842,0
45138,-0.074,-1.068,12.799,-2.270,8.164,0.628,0
45162,-0.110,-1.082,12.747,-2.216,6.836,1.224,0
45186,-0.103,-1.087,12.713,-2.552,6.523,1.376,0
45210,-0.165,-1.077,12.792,-2.010,6.141,0.995,0
45234,-0.215,-1.130,12.826,-2.422,6.958,-0.020,0
45258,-0.223,-1.166,12.646,-2.438,7.347,0.186,0
45282,-0.390,-1.216,12.787,-2.025,8.569,1.209,0
45306,-0.292,-1.132,12.862,-2.827,8.256,0.934,0
45330,-0.311,-1.209,12.759,-2.583,6.798,1.132,0
45354,-0.311,-1.154,12.742,-2.071,5.240,0.964,0
45378,-0.347,-1.176,12.807,-2.033,5.744,1.407,0
45402,-0.414,-1.197,12.811,-2.590,4.927,1.270,0
45426,-0.330,-1.188,12.749,-3.025,3.989,1.071,0
45450,-0.433,-1.235,12.768,-3.163,3.195,0.758,0
45474,-0.412,-1.185,12.687,-2.926,2.500,0.896,0
45498,-0.436,-1.176,12.756,-2.896,3.080,1.231,0
45522,-0.429,-1.283,12.689,-3.522,3.469,0.827,0
45546,-0.505,-1.247,12.689,-2.025,2.905,1.163,0
45570,-0.546,-1.300,12.723,-2.117,4.592,1.392,0
45594,-0.510,-1.346,12.790,-2.689,5.668,1.499,0
45618,-0.589,-1.307,12.582,-2.483,4.782,1.460,0
45642,-0.503,-1.324,12.744,-2.086,7.218,1.674,0
45666,-0.603,-1.235,12.684,-1.583,8.271,1.590,0
45690,-0.589,-1.305,12.740,-2.376,7.927,1.834,0
45714,-0.534,-1.343,12.663,-1.857,8.225,2.315,0
45738,-0.728,-1.350,12.737,-0.941,6.737,1.781,0
45762,-0.749,-1.389,12.823,-1.499,6.149,1.834,0
45786,-0.764,-1.365,12.682,-1.926,5.775,1.529,0
45810,-0.754,-1.338,12.747,-1.934,5.569,1.735,0
45834,-0.718,-1.358,12.732,-1.934,5.279,1.254,0
45858,-0.840,-1.420,12.684,-1.918,6.118,1.262,0
45882,-0.850,-1.413,12.706,-1.674,4.782,1.224,0
45906,-0.852,-1.393,12.670,-1.262,4.386,0.995,0
45930,-0.883,-1.405,12.713,-1.170,4.698,1.460,0
45954,-0.871,-1.386,12.641,-0.995,5.485,1.575,0
45978,-0.888,-1.377,12.673,-0.995,5.492,1.147,0
46002,-0.984,-1.403,12.682,-0.918,4.935,0.751,0
46026,-0.943,-1.415,12.651,-1.064,5.004,1.041,0
46050,-0.994,-1.420,12.634,-1.018,4.607,1.453,0
46074,-0.960,-1.451,12.673,-1.247,5.561,1.147,0
46098,-1.008,-1.427,12.658,-1.201,5.263,1.102,0
46122,-1.046,-1.398,12.646,-1.476,5.599,1.315,0
46146,-1.008,-1.403,12.713,-1.506,6.256,1.636,0
46170,-1.130,-1.448,12.596,-1.720,7.263,2.285,0
46194,-1.109,-1.492,12.646,-1.254,6.561,1.796,0
46218,-1.235,-1.456,12.651,-1.399,6.546,1.384,0
46242,-1.178,-1.420,12.696,-1.315,3.447,0.415,0
46266,-1.178,-1.422,12.661,-0.667,1.943,0.705,0
46290,-1.305,-1.482,12.775,-0.896,1.966,0.697,0
46314,-1.214,-1.425,12.637,-1.560,1.698,0.621,0
46338,-1.130,-1.453,12.596,-1.415,1.386,0.453,0
46362,-1.243,-1.489,12.670,-0.842,1.676,0.903,0
46386,-1.209,-1.439,12.649,-1.201,1.599,0.896,0
46410,-1.207,-1.413,12.661,-1.033,0.866,0.514,0
46434,-1.202,-1.501,12.625,-0.659,1.302,0.529,0
46458,-1.255,-1.484,12.632,-0.361,1.515,1.140,0
46482,-1.231,-1.444,12.632,-0.430,1.676,0.980,0
46506,-1.233,-1.492,12.560,-0.522,2.019,0.644,0
46530,-1.226,-1.472,12.622,0.562,2.271,1.254,0
46554,-1.302,-1.460,12.687,0.990,3.469,1.880,0
46578,-1.312,-1.427,12.720,0.578,5.271,2.399,0
46602,-1.334,-1.477,12.728,-0.323,6.233,2.926,0
46626,-1.322,-1.465,12.572,-0.888,5.958,2.300,0
46650,-1.427,-1.475,12.627,0.143,6.088,2.743,0
46674,-1.398,-1.422,12.603,0.349,7.691,2.842,0
46698,-1.439,-1.439,12.663,-0.064,5.851,2.109,0
46722,-1.444,-1.432,12.622,-0.178,6.271,2.254,0
46746,-1.460,-1.458,12.708,-0.766,7.859,2.178,0
46770,-1.413,-1.501,12.567,-1.506,5.019,1.613,0
46794,-1.465,-1.453,12.594,-0.293,5.561,1.216,0
46818,-1.482,-1.420,12.617,-0.315,4.905,1.002,0
46842,-1.551,-1.475,12.582,-0.781,3.210,0.102,0
46866,-1.489,-1.523,12.627,-0.231,4.775,0.560,0
46890,-1.611,-1.477,12.586,0.486,5.408,0.575,0
46914,-1.635,-1.463,12.474,0.723,4.042,0.262,0
46938,-1.635,-1.446,12.503,0.868,3.851,0.224,0
46962,-1.650,-1.492,12.596,0.471,2.683,0.468,0
46986,-1.669,-1.482,12.694,-0.315,1.966,-0.112,0
47010,-1.676,-1.458,12.610,0.631,2.714,0.048,0
47034,-1.750,-1.518,12.675,1.341,5.050,0.957,0
47058,-1.762,-1.417,12.567,1.685,5.271,1.262,0
47082,-1.815,-1.489,12.675,2.127,4.416,1.628,0
47106,-1.786,-1.434,12.670,3.601,4.546,1.560,0
47130,-1.803,-1.441,12.701,4.150,4.027,1.529,0
47154,-1.702,-1.384,12.598,5.227,3.011,2.323,0
47178,-1.820,-1.286,12.488,4.448,2.966,3.025,0
47202,-1.781,-1.331,12.438,3.707,4.889,3.415,0
47226,-1.870,-1.377,12.570,3.791,4.531,2.957,0
47250,-1.954,-1.360,12.589,4.143,4.279,2.560,0
47274,-1.875,-1.221,12.584,4.341,4.210,2.735,0
47298,-1.810,-1.192,12.565,3.601,3.989,2.674,0
47322,-1.896,-1.238,12.641,3.975,5.256,2.926,0
47346,-2.040,-1.183,12.629,5.020,6.164,2.934,0
47370,-1.973,-1.180,12.629,5.158,5.721,3.079,0
47394,-1.990,-1.140,12.608,6.265,4.370,3.247,0
47418,-2.011,-1.159,12.517,7.082,5.134,3.720,0
47442,-2.057,-1.092,12.433,7.456,6.767,4.270,0
47466,-2.112,-1.058,12.364,6.318,7.065,4.109,0
47490,-2.023,-1.061,12.505,4.883,4.454,2.163,0
47514,-2.109,-1.068,12.543,3.998,3.576,1.514,0
47538,-2.047,-1.037,12.541,5.074,4.034,1.857,0
47562,-2.124,-0.982,12.517,5.104,3.355,1.415,0
47586,-2.186,-1.013,12.534,3.654,1.874,1.384,0
47610,-2.076,-0.922,12.524,4.318,1.935,1.949,0
47634,-2.186,-0.948,12.589,4.066,1.660,1.338,0
47658,-2.140,-0.939,12.503,2.868,1.340,1.216,0
47682,-2.085,-0.886,12.467,1.791,0.004,0.972,0
47706,-2.195,-0.965,12.553,1.738,1.195,1.086,0
47730,-2.176,-0.955,12.579,1.875,1.538,0.796,0
47754,-2.203,-0.850,12.512,2.082,1.363,1.002,0
47778,-2.136,-1.006,12.596,1.868,2.966,1.262,0
47802,-2.193,-0.910,12.582,2.692,2.989,1.155,0
47826,-2.148,-0.915,12.560,2.639,2.141,0.415,0
47850,-2.162,-0.824,12.524,2.547,0.492,0.300,0
47874,-2.284,-0.845,12.491,2.303,2.248,1.415,0
47898,-2.265,-0.836,12.558,2.601,3.859,2.399,0
47922,-2.188,-0.783,12.447,2.471,3.393,1.964,0
47946,-2.222,-0.845,12.426,2.341,2.523,1.254,0
47970,-2.219,-0.809,12.498,3.150,3.302,1.308,0
47994,-2.320,-0.800,12.488,3.257,3.202,1.308,0
48018,-2.246,-0.764,12.546,3.372,3.408,1.430,0
48042,-2.279,-0.776,12.565,2.646,3.439,1.231,0
48066,-2.337,-0.764,12.524,3.295,3.073,1.613,0
48090,-2.327,-0.730,12.474,4.280,2.256,1.957,0
48114,-2.306,-0.642,12.493,3.562,2.561,1.583,0
48138,-2.428,-0.723,12.591,2.219,2.920,1.300,0
48162,-2.349,-0.737,12.495,3.318,3.821,1.896,0
48186,-2.435,-0.663,12.541,4.219,3.057,1.850,0
48210,-2.313,-0.699,12.538,2.975,1.752,0.682,0
48234,-2.301,-0.663,12.519,3.082,2.393,1.293,0
48258,-2.444,-0.579,12.536,4.318,3.416,1.583,0
48282,-2.394,-0.594,12.479,4.013,2.500,1.575,0
48306,-2.430,-0.575,12.560,3.387,3.034,1.460,0
48330,-2.447,-0.594,12.538,3.188,3.958,1.613,0
48354,-2.523,-0.517,12.474,3.799,3.706,2.048,0
48378,-2.423,-0.522,12.479,3.089,2.027,1.025,0
48402,-2.535,-0.543,12.491,2.601,1.989,0.949,0
48426,-2.449,-0.560,12.491,3.967,3.057,1.231,0
48450,-2.437,-0.460,12.409,5.677,2.889,1.231,0
48474,-2.521,-0.462,12.424,5.776,1.760,1.293,0
48498,-2.512,-0.385,12.471,4.814,1.599,1.224,0
48522,-2.523,-0.493,12.550,4.746,1.424,1.560,0
48546,-2.521,-0.393,12.467,5.372,0.584,1.193,0
48570,-2.531,-0.378,12.495,5.082,0.935,1.201,0
48594,-2.595,-0.357,12.495,5.120,1.615,1.491,0
48618,-2.483,-0.330,12.416,5.326,1.111,2.018,0
48642,-2.516,-0.304,12.495,4.555,-0.324,1.514,0
48666,-2.492,-0.309,12.486,4.295,0.401,1.071,0
48690,-2.562,-0.196,12.524,4.723,0.225,1.399,0
48714,-2.552,-0.239,12.529,4.494,-0.836,1.667,0
48738,-2.586,-0.244,12.548,3.990,-0.118,1.544,0
48762,-2.538,-0.275,12.493,4.173,0.683,1.827,0
48786,-2.602,-0.192,12.476,5.593,1.500,2.033,0
48810,-2.638,-0.136,12.447,5.349,1.653,1.934,0
48834,-2.523,-0.165,12.445,5.127,0.935,1.804,0
48858,-2.588,-0.170,12.498,5.478,0.569,0.896,0
48882,-2.552,-0.089,12.579,5.158,0.653,0.682,0
48906,-2.526,-0.069,12.524,6.249,0.431,1.155,0
48930,-2.619,0.026,12.529,5.707,-0.050,0.728,0
48954,-2.593,-0.117,12.476,5.074,0.164,1.064,0
48978,-2.519,-0.002,12.476,6.677,0.973,1.361,0
49002,-2.507,0.007,12.452,5.456,0.866,0.758,0
49026,-2.567,-0.002,12.534,4.952,-0.614,0.216,0
49050,-2.653,-0.024,12.495,4.944,-0.134,0.323,0
49074,-2.571,0.081,12.462,5.097,0.019,0.827,0
49098,-2.583,0.048,12.452,4.440,-0.279,0.972,0
49122,-2.591,0.077,12.483,3.700,0.721,1.079,0
49146,-2.650,0.113,12.531,2.921,0.187,0.483,0
49170,-2.629,0.096,12.567,2.059,1.195,0.812,0
49194,-2.547,0.139,12.409,2.249,1.080,0.644,0
49218,-2.595,0.153,12.483,1.998,0.782,0.544,0
49242,-2.571,0.139,12.447,1.746,0.508,0.537,0
49266,-2.622,0.139,12.543,1.875,0.546,0.567,0
49290,-2.624,0.163,12.534,1.410,1.042,0.323,0
49314,-2.579,0.177,12.491,1.517,1.218,0.491,0
49338,-2.564,0.199,12.438,2.204,1.271,0.850,0
49362,-2.605,0.192,12.498,2.799,0.660,0.605,0
49386,-2.629,0.208,12.476,2.311,1.050,-0.158,0
49410,-2.648,0.211,12.558,2.555,0.821,0.224,0
49434,-2.643,0.275,12.431,3.204,0.164,0.399,0
49458,-2.519,0.242,12.385,3.807,0.927,0.857,0
49482,-2.629,0.306,12.483,3.272,0.706,0.758,0
49506,-2.677,0.326,12.531,3.227,0.485,0.094,0
49530,-2.598,0.323,12.438,3.219,-0.095,-0.089,0
49554,-2.624,0.347,12.433,3.402,0.966,0.605,0
49578,-2.531,0.340,12.378,2.570,0.561,0.873,0
49602,-2.581,0.280,12.488,2.837,-0.569,0.712,0
49626,-2.658,0.314,12.550,3.814,-0.332,0.407,0
49650,-2.629,0.395,12.503,4.517,-0.134,0.865,0
49674,-2.684,0.426,12.447,4.914,-1.882,0.667,0
49698,-2.643,0.424,12.471,4.860,-0.317,1.254,0
49722,-2.614,0.429,12.462,4.982,0.156,0.926,0
49746,-2.698,0.419,12.510,5.150,0.561,0.575,0
49770,-2.612,0.534,12.488,4.524,-0.385,0.224,0
49794,-2.595,0.429,12.412,4.616,-1.141,0.506,0
49818,-2.543,0.594,12.368,4.936,-0.431,0.697,0
49842,-2.619,0.479,12.459,4.059,-0.424,0.621,0
49866,-2.593,0.591,12.431,4.456,-0.095,0.445,0
49890,-2.602,0.529,12.428,4.700,-1.080,0.667,0
49914,-2.677,0.532,12.488,5.936,-0.164,1.392,0
49938,-2.595,0.611,12.392,6.020,-0.874,0.567,0
49962,-2.543,0.594,12.409,5.707,-1.500,0.300,0
49986,-2.605,0.615,12.541,6.608,-0.790,0.544,0
50010,-2.607,0.637,12.421,5.402,0.019,0.773,0
50034,-2.591,0.764,12.397,4.188,-1.164,0.033,0
50058,-2.646,0.654,12.536,3.463,-1.210,0.147,0
50082,-2.626,0.666,12.531,4.707,-0.179,1.415,0
50106,-2.547,0.742,12.395,3.776,-0.874,1.506,0
50130,-2.557,0.690,12.368,2.868,-0.981,1.231,0
50154,-2.624,0.709,12.498,3.074,-0.599,0.842,0
50178,-2.523,0.790,12.457,3.776,-0.981,0.392,0
50202,-2.595,0.831,12.486,4.318,-1.912,0.438,0
50226,-2.559,0.862,12.495,4.769,-2.683,1.018,0
50250,-2.581,0.876,12.534,4.906,-1.187,1.438,0
50274,-2.478,0.879,12.447,5.936,-1.324,1.018,0
50298,-2.483,0.943,12.392,6.043,-1.050,0.422,0
50322,-2.495,0.955,12.345,5.501,-1.233,0.071,0
50346,-2.514,0.934,12.400,4.570,-0.164,0.705,0
50370,-2.435,1.018,12.337,3.822,-0.523,0.422,0
50394,-2.512,0.900,12.457,3.517,-1.691,-0.272,0
50418,-2.512,1.070,12.459,3.700,-1.195,0.163,0
50442,-2.531,0.941,12.450,4.234,-2.347,0.086,0
50466,-2.495,0.948,12.498,4.570,-1.767,0.002,0
50490,-2.476,0.989,12.481,4.364,-1.584,-0.120,0
50514,-2.526,1.070,12.440,3.837,-1.011,-0.707,0
50538,-2.466,1.022,12.383,4.020,-2.080,-0.639,0
50562,-2.476,1.149,12.548,3.165,-3.935,-0.303,0
50586,-2.478,1.056,12.524,2.608,-2.798,0.758,0
50610,-2.447,1.113,12.443,2.608,-3.111,1.231,0
50634,-2.428,1.120,12.471,3.196,-3.981,0.850,0
50658,-2.425,1.089,12.517,3.769,-3.660,0.712,0
50682,-2.440,1.166,12.534,5.624,-2.714,1.041,0
50706,-2.413,1.185,12.507,6.395,-2.782,1.537,0
50730,-2.342,1.216,12.383,5.440,-1.225,1.323,0
50754,-2.337,1.221,12.514,4.967,-1.622,1.201,0
50778,-2.373,1.302,12.479,6.181,-2.760,1.041,0
50802,-2.361,1.290,12.404,6.020,-2.798,1.147,0
50826,-2.274,1.305,12.457,5.547,-3.515,1.094,0
50850,-2.332,1.288,12.550,5.471,-2.004,1.002,0
50874,-2.377,1.331,12.438,5.478,-1.210,0.926,0
50898,-2.286,1.305,12.383,4.501,-1.042,0.598,0
50922,-2.286,1.343,12.457,4.059,-1.210,0.277,0
50946,-2.361,1.281,12.433,3.463,-1.874,0.254,0
50970,-2.282,1.386,12.421,3.639,-1.309,0.491,0
50994,-2.289,1.355,12.455,3.059,-2.225,0.789,0
51018,-2.243,1.384,12.438,2.204,-2.569,0.460,0
51042,-2.308,1.374,12.469,2.104,-2.889,-0.188,0
51066,-2.243,1.458,12.493,2.471,-1.744,0.155,0
51090,-2.246,1.525,12.419,2.791,-1.782,0.468,0
51114,-2.224,1.417,12.584,2.784,-1.752,0.628,0
51138,-2.222,1.453,12.452,3.341,-1.500,0.323,0
51162,-2.210,1.492,12.464,3.837,-2.027,-0.104,0
51186,-2.215,1.475,12.476,3.272,-2.065,-0.020,0
51210,-2.236,1.489,12.378,3.547,-2.714,-0.448,0
51234,-2.193,1.499,12.421,4.165,-2.340,0.392,0
51258,-2.186,1.484,12.364,3.417,-2.523,0.285,0
51282,-2.265,1.520,12.467,2.837,-2.271,0.064,0
51306,-2.191,1.568,12.474,3.242,-2.614,0.705,0
51330,-2.152,1.638,12.479,2.410,-1.927,0.300,0
51354,-2.169,1.563,12.431,1.990,-2.218,0.048,0
51378,-2.083,1.554,12.445,2.005,-2.240,0.239,0
51402,-2.217,1.652,12.493,1.730,-2.630,-0.150,0
51426,-2.179,1.638,12.462,1.326,-2.050,0.453,0
51450,-2.114,1.580,12.462,1.624,-1.454,0.231,0
51474,-2.095,1.635,12.392,2.265,-2.172,-0.127,0
51498,-2.116,1.578,12.474,1.417,-1.927,-0.211,0
51522,-2.088,1.590,12.510,0.952,-1.027,0.033,0
51546,-2.164,1.671,12.529,1.784,-0.569,0.178,0
51570,-2.097,1.686,12.459,2.257,-0.714,0.712,0
51594,-2.030,1.628,12.443,1.830,-2.363,0.583,0
51618,-2.150,1.654,12.514,1.936,-2.775,0.064,0
51642,-2.112,1.743,12.452,2.524,-0.775,0.857,0
51666,-2.052,1.647,12.447,2.326,-0.286,1.002,0
51690,-2.078,1.707,12.538,2.150,-0.508,1.018,0
51714,-2.090,1.686,12.522,2.219,-0.378,0.720,0
51738,-1.992,1.709,12.416,3.059,-0.607,0.598,0
51762,-2.059,1.736,12.395,3.227,-1.256,0.644,0
51786,-2.069,1.745,12.440,2.509,-1.172,0.323,0
51810,-2.033,1.786,12.428,2.150,-1.912,-0.066,0
51834,-2.028,1.791,12.359,2.379,-2.790,-0.234,0
51858,-2.095,1.693,12.462,2.158,-2.935,-0.601,0
51882,-2.042,1.760,12.498,2.753,-2.210,-0.463,0
51906,-2.023,1.786,12.481,2.990,-1.515,-0.051,0
51930,-2.071,1.731,12.495,3.845,-0.973,0.499,0
51954,-2.018,1.820,12.388,4.547,-1.363,0.201,0
51978,-2.028,1.836,12.469,4.288,-2.462,0.132,0
52002,-1.963,1.865,12.483,4.395,-1.744,0.392,0
52026,-2.049,1.812,12.550,4.501,0.370,0.529,0
52050,-2.009,1.935,12.404,5.074,-0.431,1.071,0
52074,-1.985,1.915,12.376,4.440,-0.485,1.247,0
52098,-1.961,1.956,12.349,3.341,-0.813,0.743,0
52122,-1.958,1.978,12.445,2.746,-0.668,0.621,0
52146,-1.956,1.949,12.409,2.853,-1.813,0.285,0
52170,-2.011,2.018,12.373,2.112,-0.782,0.331,0
52194,-1.990,1.970,12.452,2.059,0.065,0.308,0
52218,-1.982,2.030,12.395,2.478,0.256,0.178,0
52242,-1.896,1.990,12.373,2.104,-0.187,0.300,0
52266,-1.954,1.997,12.426,2.311,0.179,0.025,0
52290,-1.949,2.018,12.431,2.707,0.553,0.033,0
52314,-1.968,2.059,12.378,3.311,0.714,0.079,0
52338,-1.990,2.035,12.409,3.173,0.653,0.170,0
52362,-1.961,2.040,12.392,3.830,0.050,0.140,0
52386,-1.973,2.030,12.376,3.601,-0.111,-0.028,0
52410,-1.906,2.057,12.359,3.181,-0.813,0.407,0
52434,-1.906,2.085,12.447,3.463,-1.218,0.041,0
52458,-1.985,2.097,12.419,4.425,-1.851,0.155,0
52482,-1.901,2.121,12.397,4.234,-1.309,-0.540,0
52506,-1.875,2.097,12.471,4.601,-3.164,-1.372,0
52530,-1.858,2.109,12.376,5.379,-3.385,-0.364,0
52554,-1.999,2.181,12.299,4.272,-2.515,-0.097,0
52578,-1.841,2.385,12.301,3.425,-2.569,0.125,0
52602,-1.939,2.186,12.459,2.349,-0.798,-0.158,0
52626,-1.932,2.282,12.335,2.769,-1.653,-0.356,0
52650,-1.963,2.207,12.426,3.013,-2.385,-0.242,0
52674,-1.918,2.133,12.505,3.532,-1.004,0.399,0
52698,-2.021,2.334,12.325,4.074,1.095,-0.074,0
52722,-1.834,2.265,12.361,4.723,-0.134,0.346,0
52746,-1.889,2.243,12.383,5.341,-0.828,0.361,0
52770,-1.930,2.339,12.368,5.204,0.004,0.407,0
52794,-1.865,2.342,12.282,4.677,0.966,1.010,0
52818,-1.875,2.365,12.242,4.333,0.027,0.506,0
52842,-1.879,2.327,12.404,3.746,-1.218,-0.051,0
52866,-1.836,2.418,12.349,3.662,-1.218,0.193,0
52890,-1.851,2.358,12.416,3.624,-2.103,-0.082,0
52914,-1.973,2.416,12.354,3.891,-1.798,-0.746,0
52938,-1.908,2.442,12.256,3.288,-1.737,-0.249,0
52962,-1.839,2.430,12.335,3.120,-1.943,0.048,0
52986,-1.848,2.461,12.304,2.448,-2.561,-0.501,0
53010,-1.738,2.492,12.340,2.723,-3.073,-0.723,0
53034,-1.872,2.440,12.301,2.746,-4.210,-0.700,0
53058,-1.820,2.490,12.330,2.272,-4.905,-0.624,0
53082,-1.800,2.447,12.438,1.669,-4.698,-0.799,0
53106,-1.844,2.504,12.359,2.066,-2.874,-0.341,0
53130,-1.820,2.476,12.445,2.517,-4.095,-0.578,0
53154,-1.726,2.571,12.306,3.204,-3.622,-0.761,0
53178,-1.772,2.559,12.335,3.150,-2.966,-0.524,0
53202,-1.757,2.533,12.227,2.769,-3.302,-0.387,0
53226,-1.695,2.514,12.376,2.547,-2.538,-0.066,0
53250,-1.702,2.507,12.340,3.135,-1.454,-0.097,0
53274,-1.741,2.588,12.285,3.685,-1.599,-0.127,0
53298,-1.719,2.550,12.297,4.005,-1.050,-0.051,0
53322,-1.700,2.636,12.337,4.204,-1.584,0.033,0
53346,-1.702,2.567,12.230,3.982,-0.248,0.369,0
53370,-1.678,2.602,12.256,3.593,-0.698,0.270,0
53394,-1.695,2.658,12.277,2.822,-1.179,-0.028,0
53418,-1.669,2.593,12.292,2.982,-2.218,-0.364,0
53442,-1.676,2.696,12.294,3.723,-2.935,-0.791,0
53466,-1.714,2.701,12.268,4.456,-3.920,-0.631,0
53490,-1.693,2.691,12.239,3.929,-1.805,-0.036,0
53514,-1.599,2.662,12.203,3.601,-2.126,-0.104,0
53538,-1.551,2.708,12.234,3.547,-3.958,-1.188,0
53562,-1.650,2.732,12.318,3.914,-5.156,-1.608,0
53586,-1.585,2.722,12.220,3.181,-4.546,-1.211,0
53610,-1.520,2.744,12.172,3.165,-5.851,-1.051,0
53634,-1.559,2.772,12.244,2.433,-5.156,-0.936,0
53658,-1.657,2.746,12.390,1.898,-2.828,-0.127,0
53682,-1.484,2.782,12.246,2.456,-3.256,-0.028,0
53706,-1.530,2.751,12.268,2.944,-4.324,-0.318,0
53730,-1.396,2.832,12.191,2.860,-4.416,-0.860,0
53754,-1.542,2.775,12.371,2.608,-6.042,-1.677,0
53778,-1.477,2.828,12.254,2.837,-4.317,-0.639,0
53802,-1.283,2.729,12.141,2.486,-3.882,-0.685,0
53826,-1.547,2.959,12.392,2.532,-3.958,-1.036,0
53850,-1.470,2.751,12.349,2.692,-4.218,-0.837,0
53874,-1.240,2.602,12.033,2.845,-5.126,-0.150,0
53898,-1.398,2.909,12.172,2.929,-4.775,-0.295,0
53922,-1.453,3.041,12.263,2.555,-3.424,-0.234,0
53946,-1.480,2.942,12.491,2.791,-4.218,-0.242,0
53970,-1.190,2.770,12.098,4.211,-8.309,-0.730,0
53994,-1.286,2.909,12.170,2.494,-6.118,-0.463,0
54018,-1.262,2.974,12.299,1.547,-3.034,-0.440,0
54042,-1.362,3.067,12.450,2.318,-2.660,-0.540,0
54066,-1.496,2.995,12.361,2.181,-1.599,-0.150,0
54090,-1.238,2.928,12.218,1.845,-0.042,0.987,0
54114,-1.140,3.017,12.222,2.272,-0.813,0.667,0
54138,-1.252,2.971,12.249,1.707,-1.721,-0.120,0
54162,-1.221,3.014,12.208,1.234,-2.538,-0.532,0
54186,-1.269,2.981,12.352,1.349,-3.744,-1.074,0
54210,-1.252,2.964,12.225,1.677,-3.767,-0.982,0
54234,-1.240,3.026,12.215,1.341,-3.370,-0.868,0
54258,-1.233,2.974,12.196,1.127,-6.141,-1.158,0
54282,-1.166,2.954,12.289,0.738,-5.981,-0.853,0
54306,-1.111,3.084,12.277,0.517,-5.263,-0.555,0
54330,-1.164,2.981,12.304,0.730,-6.164,-0.616,0
54354,-1.094,2.935,12.287,0.562,-5.080,-0.303,0
54378,-1.027,3.077,12.163,0.891,-6.469,-0.975,0
54402,-1.125,2.957,12.297,-0.583,-5.905,-0.288,0
54426,-1.094,2.983,12.368,0.005,-5.134,1.270,0
54450,-1.137,3.196,12.412,1.372,-6.057,0.926,0
54474,-1.166,3.012,12.368,1.791,-4.126,1.010,0
54498,-0.936,3.002,12.239,1.524,-2.156,0.544,0
54522,-1.003,3.038,12.218,1.028,-3.385,0.109,0
54546,-1.001,2.988,12.297,0.372,-3.950,0.376,0
54570,-0.939,2.998,12.175,-0.621,-4.164,0.224,0
54594,-0.879,2.990,12.328,-1.102,-3.698,0.041,0
54618,-0.939,3.033,12.402,-0.201,-2.302,0.071,0
54642,-0.934,3.031,12.287,0.769,-2.576,-0.227,0
54666,-0.862,2.978,12.301,0.700,-1.393,0.117,0
54690,-0.931,3.010,12.359,0.547,0.515,0.178,0
54714,-0.812,3.055,12.263,0.860,0.218,-0.326,0
54738,-0.864,3.081,12.218,1.272,-1.989,-0.425,0
54762,-0.946,3.021,12.285,0.845,-2.851,-0.585,0
54786,-0.850,3.072,12.234,0.746,-2.882,-0.486,0
54810,-0.862,3.160,12.244,0.318,-3.065,-0.135,0
54834,-0.845,3.031,12.282,0.753,-3.202,-0.120,0
54858,-0.831,3.148,12.172,0.746,-3.622,0.209,0
54882,-0.819,3.041,12.246,-0.071,-3.011,-0.257,0
54906,-0.862,3.077,12.342,0.112,-3.042,-0.020,0
54930,-0.843,3.139,12.337,1.707,-5.286,-0.700,0
54954,-0.807,3.069,12.220,1.776,-5.767,0.735,0
54978,-0.697,3.060,12.230,1.532,-6.340,0.873,0
55002,-0.594,3.029,12.239,0.494,-4.599,0.506,0
55026,-0.713,3.048,12.383,-0.224,-6.302,-1.417,0
55050,-0.716,3.005,12.352,-0.247,-3.897,-0.387,0
55074,-0.658,3.033,12.392,1.372,-4.385,-0.349,0
55098,-0.687,3.060,12.297,1.807,-2.851,-0.898,0
55122,-0.611,3.089,12.220,1.173,-2.622,-0.998,0
55146,-0.668,3.067,12.289,0.654,-2.454,-0.440,0
55170,-0.639,2.909,12.206,0.486,-2.401,-0.150,0
55194,-0.649,3.091,12.198,-1.392,-3.340,-0.303,0
55218,-0.670,3.117,12.412,-1.384,-2.553,-0.005,0
55242,-0.603,3.165,12.426,-0.499,-2.996,-0.082,0
55266,-0.606,3.165,12.151,-0.277,-2.523,0.605,0
55290,-0.601,3.096,12.256,-1.002,-2.592,0.186,0
55314,-0.524,3.043,12.304,-1.399,-2.927,-0.166,0
55338,-0.582,3.038,12.510,-1.064,-2.515,0.033,0
55362,-0.467,3.062,12.400,0.333,-3.790,-0.326,0
55386,-0.512,3.086,12.189,-0.529,-6.660,0.201,0
55410,-0.486,2.993,12.254,-1.812,-6.042,0.231,0
55434,-0.405,3.067,12.316,-1.789,-3.653,-0.074,0
55458,-0.460,3.050,12.345,-1.957,-4.454,-0.936,0
55482,-0.527,3.000,12.409,-2.331,-4.866,-0.791,0
55506,-0.546,3.067,12.383,-1.140,-4.095,-0.333,0
55530,-0.371,3.019,12.163,-1.308,-6.553,0.293,0
55554,-0.354,2.998,12.246,-2.567,-6.614,-0.440,0
55578,-0.409,3.019,12.333,-3.789,-6.721,-1.166,0
55602,-0.345,2.974,12.486,-3.613,-7.156,0.247,0
55626,-0.345,3.010,12.342,-2.583,-6.622,0.193,0
55650,-0.256,2.952,12.337,-2.117,-6.989,-0.196,0
55674,-0.249,2.942,12.333,-2.064,-6.065,-0.318,0
55698,-0.249,2.923,12.407,-2.094,-5.080,-0.242,0
55722,-0.134,2.935,12.263,-1.636,-5.195,0.033,0
55746,-0.165,2.964,12.330,-1.911,-7.149,-0.662,0
55770,-0.199,2.892,12.409,-1.781,-6.683,-0.219,0
55794,-0.196,2.921,12.368,-0.491,-4.874,-0.799,0
55818,-0.098,2.974,12.249,-0.209,-3.523,-0.616,0
55842,-0.148,2.933,12.239,-1.216,-2.767,-0.875,0
55866,-0.172,2.938,12.424,-1.880,-1.584,-0.051,0
55890,-0.182,2.976,12.416,-2.392,-3.057,-0.227,0
55914,-0.089,2.916,12.313,-2.338,-3.683,-0.135,0
55938,-0.007,2.880,12.428,-1.781,-2.286,-0.097,0
55962,-0.057,2.907,12.438,-0.873,-2.576,-0.288,0
55986,-0.170,2.892,12.419,-0.384,-1.614,-0.295,0
56010,-0.065,2.902,12.407,-0.231,-1.416,0.483,0
56034,-0.014,2.873,12.421,-0.147,-2.179,0.529,0
56058,-0.007,2.873,12.352,0.097,-2.134,0.277,0
56082,-0.048,2.902,12.313,-0.132,-1.729,0.308,0
56106,0.005,2.880,12.498,-0.315,-1.141,0.186,0
56130,-0.067,2.907,12.450,0.845,-0.958,0.025,0
56154,-0.053,2.904,12.191,0.616,-3.011,-0.188,0
56178,0.010,2.875,12.328,-0.728,-2.912,-0.265,0
56202,-0.019,2.907,12.323,-0.781,-3.149,-0.028,0
56226,0.127,2.856,12.452,-0.880,-2.393,0.041,0
56250,0.034,2.909,12.361,-0.567,-3.920,-0.188,0
56274,0.048,2.988,12.294,-0.720,-4.279,-0.631,0
56298,0.045,2.897,12.371,-1.178,-3.431,-0.486,0
56322,0.031,2.878,12.464,-1.499,-3.363,-0.295,0
56346,0.060,2.887,12.476,-1.331,-5.156,-0.395,0
56370,0.081,2.907,12.416,-0.789,-6.332,-0.532,0
56394,0.187,2.863,12.330,-1.132,-5.431,0.460,0
56418,0.127,2.825,12.380,-2.369,-5.676,0.644,0
56442,0.235,2.830,12.309,-2.850,-3.401,0.934,0
56466,0.124,2.761,12.368,-4.560,-5.660,0.277,0
56490,0.347,2.830,12.285,-4.964,-4.828,0.903,0
56514,0.237,2.763,12.464,-5.293,-5.523,-0.143,0
56538,0.247,2.722,12.507,-4.460,-4.218,0.384,0
56562,0.199,2.825,12.493,-3.315,-5.500,-0.135,0
56586,0.239,2.784,12.404,-2.987,-7.294,0.575,0
56610,0.292,2.768,12.349,-2.972,-7.538,0.476,0
56634,0.371,2.698,12.424,-2.781,-4.286,0.712,0
56658,0.326,2.720,12.431,-2.193,-1.790,0.651,0
56682,0.448,2.691,12.428,-2.323,-3.195,0.361,0
56706,0.357,2.622,12.428,-1.896,-2.744,-0.181,0
56730,0.362,2.662,12.459,-0.583,0.011,0.354,0
56754,0.505,2.674,12.328,-1.125,-1.813,-0.066,0
56778,0.414,2.626,12.402,-2.491,-2.225,-0.837,0
56802,0.335,2.672,12.498,-2.415,-1.309,-0.585,0
56826,0.464,2.672,12.481,-2.583,-3.141,0.056,0
56850,0.443,2.641,12.335,-2.193,-2.721,-0.005,0
56874,0.472,2.617,12.443,-2.880,-4.225,-0.700,0
56898,0.431,2.614,12.522,-2.499,-4.187,-0.868,0
56922,0.522,2.638,12.538,-1.239,-3.492,-0.585,0
56946,0.431,2.682,12.342,-1.224,-5.897,-0.570,0
56970,0.505,2.602,12.412,-1.751,-5.790,-0.448,0
56994,0.563,2.588,12.486,-2.308,-4.202,-0.540,0
57018,0.546,2.576,12.488,-2.300,-3.302,-0.784,0
57042,0.567,2.555,12.426,-2.033,-2.866,-0.662,0
57066,0.515,2.531,12.471,-1.728,-2.004,-0.257,0
57090,0.603,2.614,12.455,-1.002,-1.775,-0.234,0
57114,0.575,2.605,12.373,-1.109,-1.691,0.094,0
57138,0.634,2.559,12.376,-1.384,-0.401,0.064,0
57162,0.553,2.583,12.500,-1.583,-0.607,-0.471,0
57186,0.565,2.555,12.459,-1.896,-2.080,-0.486,0
57210,0.634,2.519,12.419,-1.773,-2.195,-0.410,0
57234,0.625,2.504,12.450,-1.980,-1.637,-0.402,0
57258,0.601,2.550,12.510,-1.583,-1.050,-0.379,0
57282,0.548,2.495,12.474,-1.659,-2.202,-0.501,0
57306,0.656,2.449,12.493,-1.537,-1.897,-0.104,0
57330,0.603,2.485,12.469,-1.751,-2.370,-0.448,0
57354,0.639,2.512,12.421,-2.033,-2.760,-0.395,0
57378,0.704,2.423,12.457,-3.300,-5.347,-0.631,0
57402,0.737,2.447,12.567,-2.888,-6.637,-1.074,0
57426,0.551,2.535,12.476,-2.262,-8.836,-0.784,0
57450,0.639,2.447,12.416,-0.926,-5.073,0.674,0
57474,0.725,2.476,12.352,-0.025,-2.614,0.972,0
57498,0.881,2.418,12.373,-0.438,-2.844,0.560,0
57522,0.795,2.497,12.438,-1.438,-3.653,-0.082,0
57546,0.769,2.483,12.474,-1.987,-3.844,0.064,0
57570,0.800,2.461,12.447,-2.567,-4.660,0.109,0
57594,0.857,2.392,12.433,-3.354,-4.676,-0.188,0
57618,0.795,2.440,12.555,-3.193,-3.950,-0.089,0
57642,0.869,2.409,12.522,-2.277,-3.118,0.216,0
57666,0.922,2.330,12.524,-2.125,-3.714,-0.127,0
57690,0.824,2.413,12.447,-1.880,-5.347,-0.814,0
57714,0.824,2.447,12.407,-2.193,-5.225,-0.456,0
57738,0.965,2.401,12.435,-2.751,-4.065,-0.089,0
57762,0.967,2.358,12.443,-2.491,-2.531,-0.257,0
57786,0.912,2.301,12.594,-2.575,-3.469,-0.562,0
57810,0.910,2.344,12.462,-1.941,-3.233,-0.204,0
57834,1.013,2.339,12.495,-1.270,-1.187,0.247,0
57858,1.020,2.354,12.558,-1.300,-1.760,-0.547,0
57882,0.924,2.358,12.457,-0.949,-1.851,-0.494,0
57906,0.967,2.284,12.514,-0.651,-3.103,-0.624,0
57930,0.996,2.263,12.440,0.112,-4.187,-0.211,0
57954,0.948,2.351,12.462,-0.170,-3.882,-0.143,0
57978,1.051,2.310,12.510,-0.781,-4.851,0.071,0
58002,1.034,2.272,12.512,-0.651,-3.531,-0.227,0
58026,1.013,2.330,12.471,-0.430,-2.752,0.239,0
58050,1.147,2.327,12.388,-1.514,-3.187,0.605,0
58074,1.089,2.334,12.352,-3.064,-2.989,-0.112,0
58098,1.094,2.253,12.555,-3.605,-2.263,-0.349,0
58122,1.049,2.267,12.629,-2.621,-2.439,-0.173,0
58146,1.156,2.191,12.711,-1.346,-4.378,-0.066,0
58170,0.994,2.284,12.388,-0.941,-7.042,0.575,0
58194,1.216,2.289,12.373,-1.048,-5.103,0.857,0
58218,1.255,2.212,12.352,-2.903,-6.851,0.338,0
58242,1.293,2.207,12.452,-3.605,-5.309,-0.020,0
58266,1.192,2.253,12.507,-3.384,-3.714,-0.555,0
58290,1.173,2.162,12.562,-2.873,-4.760,-0.540,0
58314,1.283,2.179,12.546,-2.277,-5.309,-0.669,0
58338,1.240,2.172,12.435,-1.514,-4.912,-0.478,0
58362,1.329,2.184,12.352,-2.201,-4.653,0.224,0
58386,1.331,2.207,12.469,-3.125,-4.668,-0.097,0
58410,1.302,2.155,12.491,-3.216,-4.149,0.598,0
58434,1.247,2.128,12.632,-1.972,-2.210,0.751,0
58458,1.372,2.172,12.529,-0.934,-3.019,0.338,0
58482,1.398,2.114,12.452,-1.109,-3.370,0.170,0
58506,1.271,2.143,12.505,-1.209,-2.431,0.109,0
58530,1.504,2.148,12.426,-1.697,-3.874,0.102,0
58554,1.446,2.138,12.450,-2.170,-3.706,-0.494,0
58578,1.439,2.097,12.424,-3.216,-4.676,-0.898,0
58602,1.377,2.112,12.435,-3.323,-4.439,-0.188,0
58626,1.413,2.100,12.481,-2.743,-2.981,0.056,0
58650,1.463,2.078,12.474,-2.522,-2.508,0.567,0
58674,1.477,2.116,12.419,-3.376,-4.645,0.231,0
58698,1.465,2.030,12.445,-3.957,-5.256,0.193,0
58722,1.549,1.956,12.546,-3.812,-5.317,-0.082,0
58746,1.633,2.047,12.617,-1.644,-3.309,0.323,0
58770,1.530,2.088,12.586,-0.529,-5.095,-0.204,0
58794,1.535,2.035,12.371,-0.865,-6.431,0.613,0
58818,1.616,1.903,12.440,-2.499,-6.393,0.605,0
58842,1.652,1.997,12.397,-3.644,-7.088,0.605,0
58866,1.729,1.982,12.474,-4.201,-7.164,0.529,0
58890,1.690,1.980,12.483,-4.056,-6.836,-0.127,0
58914,1.774,1.970,12.488,-3.605,-6.027,0.079,0
58938,1.664,1.946,12.428,-2.987,-5.653,0.674,0
58962,1.748,2.018,12.452,-2.857,-3.821,1.086,0
58986,1.817,1.882,12.498,-4.064,-6.760,0.033,0
59010,1.765,1.851,12.491,-3.903,-6.569,0.285,0
59034,1.812,1.856,12.495,-2.812,-3.309,0.682,0
59058,1.858,1.906,12.440,-2.109,-1.973,0.812,0
59082,1.899,1.896,12.474,-2.346,-3.454,0.285,0
59106,1.860,1.884,12.479,-2.132,-3.172,0.277,0
59130,1.899,1.820,12.546,-2.041,-2.760,0.155,0
59154,1.860,1.863,12.495,-0.987,-1.294,0.147,0
59178,1.803,1.863,12.443,-1.308,-2.256,-0.410,0
59202,1.875,1.805,12.419,-1.773,-3.225,0.117,0
59226,1.937,1.776,12.438,-1.399,-1.729,0.537,0
59250,1.935,1.805,12.526,-0.590,-0.920,0.369,0
59274,2.002,1.834,12.488,-0.560,-2.256,0.010,0
59298,1.889,1.841,12.433,-0.873,-2.973,-0.326,0
59322,1.858,1.805,12.424,-1.025,-1.332,0.231,0
59346,1.913,1.820,12.383,-1.522,-1.347,0.651,0
59370,1.963,1.767,12.385,-2.407,-2.134,0.407,0
59394,1.927,1.774,12.419,-3.338,-3.233,0.193,0
59418,2.002,1.812,12.450,-3.926,-3.439,0.781,0
59442,1.925,1.879,12.517,-3.407,-6.363,-0.318,0
59466,2.061,1.717,12.534,-1.957,-5.683,0.987,0
59490,1.963,1.753,12.378,-2.338,-7.492,0.354,0
59514,2.143,1.681,12.359,-2.674,-5.111,0.369,0
59538,2.095,1.702,12.514,-2.140,-3.103,0.216,0
59562,2.116,1.721,12.402,-1.873,-4.279,0.109,0
59586,2.116,1.690,12.491,-1.514,-4.156,-0.349,0
59610,2.076,1.705,12.498,-0.728,-4.164,-0.196,0
59634,2.260,1.662,12.366,-0.995,-5.363,0.102,0
59658,2.133,1.669,12.376,-2.079,-6.500,-0.143,0
59682,2.205,1.623,12.428,-3.399,-5.469,0.125,0
59706,2.193,1.650,12.476,-3.125,-5.546,-0.112,0
59730,2.210,1.609,12.519,-2.445,-7.469,-0.082,0
59754,2.332,1.592,12.407,-2.285,-8.340,0.064,0
59778,2.296,1.623,12.383,-2.529,-6.889,0.064,0
59802,2.330,1.654,12.282,-2.850,-5.981,0.712,0
59826,2.291,1.618,12.306,-4.170,-6.462,0.865,0
59850,2.356,1.556,12.443,-3.903,-4.225,1.293,0
59874,2.428,1.573,12.330,-3.804,-3.950,0.689,0
59898,2.418,1.504,12.424,-3.674,-3.080,-0.020,0
59922,2.449,1.638,12.325,-3.048,-2.706,-0.188,0
59946,2.380,1.568,12.287,-3.369,-3.263,-0.036,0
59970,2.476,1.542,12.380,-3.438,-2.935,0.231,0
59994,2.504,1.508,12.467,-3.422,-2.385,0.277,0
60018,2.500,1.460,12.388,-3.605,-3.332,-0.150,0
60042,2.516,1.441,12.414,-3.491,-4.057,-0.685,0
60066,2.459,1.472,12.366,-2.514,-2.592,-0.402,0
60090,2.521,1.437,12.447,-2.170,-2.134,0.018,0
60114,2.535,1.420,12.333,-2.147,-3.637,-0.547,0
60138,2.488,1.429,12.421,-2.285,-3.553,-0.875,0
60162,2.523,1.458,12.328,-1.964,-3.309,-0.776,0
60186,2.579,1.444,12.337,-1.842,-3.973,-0.585,0
60210,2.514,1.420,12.335,-1.598,-2.714,-0.807,0
60234,2.535,1.391,12.469,-1.796,-3.294,-0.379,0
60258,2.653,1.429,12.452,-1.247,-3.286,0.033,0
60282,2.612,1.391,12.407,-0.964,-5.905,-0.753,0
60306,2.725,1.353,12.299,-1.048,-4.599,-0.082,0
60330,2.509,1.396,12.299,-1.796,-5.485,-0.478,0
60354,2.703,1.401,12.234,-2.758,-2.859,0.590,0
60378,2.665,1.355,12.335,-4.018,-3.172,0.293,0
60402,2.691,1.319,12.392,-4.216,-2.851,0.453,0
60426,2.653,1.360,12.390,-3.468,-1.248,0.751,0
60450,2.689,1.353,12.433,-1.888,0.508,1.109,0
60474,2.701,1.348,12.299,-1.781,-0.485,0.407,0
60498,2.804,1.295,12.191,-2.308,-0.179,0.682,0
60522,2.607,1.209,12.371,-3.331,0.332,0.613,0
60546,2.732,1.310,12.321,-4.064,-0.240,-0.532,0
60570,2.693,1.274,12.333,-4.331,-0.706,-0.853,0
60594,2.701,1.199,12.397,-3.147,-0.195,-0.066,0
60618,2.684,1.185,12.433,-2.445,0.989,0.819,0
60642,2.629,1.197,12.354,-3.018,0.057,1.086,0
60666,2.677,1.255,12.263,-4.415,0.447,0.896,0
60690,2.799,1.231,12.265,-5.361,1.149,1.285,0
60714,2.660,1.135,12.562,-4.560,0.569,1.048,0
60738,2.682,1.106,12.438,-3.544,1.065,1.453,0
60762,2.729,1.176,12.349,-3.277,1.630,1.025,0
60786,2.667,1.142,12.287,-3.422,0.431,0.957,0
60810,2.591,1.101,12.512,-3.964,3.187,1.438,0
60834,2.646,1.097,12.440,-4.438,3.324,1.216,0
60858,2.696,1.144,12.385,-4.483,3.149,1.773,0
60882,2.672,1.080,12.337,-6.025,-1.004,1.277,0
60906,2.653,1.092,12.347,-5.781,-0.454,1.262,0
60930,2.701,0.946,12.412,-5.491,1.782,1.453,0
60954,2.617,1.056,12.414,-4.781,-1.416,0.728,0
60978,2.677,0.941,12.342,-5.277,-2.943,0.667,0
61002,2.703,0.934,12.368,-3.980,-1.393,1.002,0
61026,2.691,0.955,12.560,-2.819,-0.080,1.018,0
61050,2.698,0.879,12.356,-3.438,-1.676,0.834,0
61074,2.634,0.848,12.294,-3.056,-1.660,0.819,0
61098,2.684,0.864,12.424,-2.926,0.393,0.941,0
61122,2.693,0.927,12.455,-2.926,1.057,1.041,0
61146,2.689,0.879,12.438,-2.888,0.172,1.590,0
61170,2.600,0.816,12.503,-3.239,2.538,1.980,0
61194,2.629,0.895,12.433,-2.674,1.324,0.880,0
61218,2.598,0.848,12.378,-2.552,1.302,1.384,0
61242,2.691,0.833,12.380,-3.438,0.927,1.575,0
61266,2.691,0.826,12.459,-4.170,2.240,1.323,0
61290,2.569,0.752,12.412,-3.980,0.363,0.789,0
61314,2.674,0.831,12.383,-3.392,1.889,1.644,0
61338,2.660,0.737,12.431,-4.896,2.294,1.689,0
61362,2.622,0.761,12.404,-5.094,3.218,1.850,0
61386,2.579,0.656,12.289,-4.957,2.836,1.270,0
61410,2.571,0.668,12.242,-6.720,5.477,1.354,0
61434,2.741,0.735,12.459,-7.796,4.561,2.117,0
61458,2.579,0.512,12.510,-8.560,3.698,2.758,0
61482,2.552,0.543,12.543,-5.247,5.294,2.659,0
61506,2.591,0.596,12.622,-4.880,5.179,2.796,0
61530,2.490,0.515,12.471,-6.239,6.485,1.231,0
61554,2.492,0.524,12.622,-5.483,9.515,1.346,0
61578,2.344,0.469,12.577,-5.041,7.798,1.086,0
61602,2.389,0.567,12.617,-4.873,10.920,1.949,0
61626,2.322,0.448,12.622,-7.125,8.630,1.605,0
61650,2.356,0.397,12.601,-8.216,5.141,-0.723,0
61674,2.186,0.362,12.634,-7.117,8.088,-0.646,0
61698,2.253,0.457,12.383,-6.560,11.943,0.712,0
61722,2.085,0.311,12.543,-7.407,9.599,-0.043,0
61746,2.203,0.244,12.481,-6.369,7.134,0.071,0
61770,2.193,0.259,12.510,-4.415,6.073,0.399,0
61794,2.186,0.283,12.522,-4.239,1.599,-0.677,0
61818,2.193,0.184,12.543,-3.415,1.615,-1.051,0
61842,2.114,0.184,12.689,-2.117,1.821,-0.761,0
61866,2.033,0.227,12.735,-2.705,5.538,-0.082,0
61890,2.162,0.182,12.598,-4.476,1.973,0.338,0
61914,2.059,0.184,12.589,-4.522,1.286,0.422,0
61938,1.956,0.158,12.634,-4.315,4.576,-0.288,0
61962,2.258,0.110,12.653,-2.873,1.386,-0.051,0
61986,2.116,0.122,12.716,-2.041,2.004,0.613,0
62010,1.954,0.007,12.792,-2.560,3.927,1.163,0
62034,2.131,0.089,12.747,-2.376,4.950,2.239,0
62058,2.308,0.187,12.481,-3.613,1.103,2.010,0
62082,1.982,0.079,12.529,-4.743,1.271,1.293,0
62106,1.856,0.014,12.538,-4.445,6.034,2.460,0
62130,1.954,0.002,12.500,-3.667,7.378,2.247,0
62154,1.992,-0.031,12.687,-3.460,9.126,1.560,0
62178,1.908,0.081,12.718,-3.605,6.118,1.751,0
62202,1.733,-0.091,12.603,-2.873,6.340,2.132,0
62226,1.697,-0.060,12.491,-2.705,7.805,1.644,0
62250,1.951,0.057,12.493,-2.132,3.416,2.522,0
62274,1.769,-0.005,12.620,-2.460,1.401,0.819,0
62298,1.755,0.062,12.514,-2.468,5.073,0.857,0
62322,1.743,-0.105,12.574,-2.239,4.485,0.888,0
62346,1.834,-0.055,12.529,-1.369,3.683,0.010,0
62370,1.724,-0.096,12.577,-1.147,3.240,-0.333,0
62394,1.726,-0.034,12.682,-1.392,5.256,0.155,0
62418,1.762,-0.091,12.771,-1.827,1.477,-0.280,0
62442,1.760,-0.093,12.706,-2.010,1.340,-0.295,0
62466,1.681,-0.213,12.780,-1.247,2.622,-0.005,0
62490,1.733,-0.086,12.706,-0.132,4.851,0.025,0
62514,1.669,-0.124,12.730,-0.499,3.805,-0.227,0
62538,1.630,-0.057,12.620,-0.812,2.027,-0.654,0
62562,1.659,-0.144,12.620,-0.628,4.118,0.079,0
62586,1.647,-0.043,12.531,-1.567,5.363,0.231,0
62610,1.743,0.024,12.704,-1.903,4.355,1.766,0
62634,1.640,-0.134,12.768,-1.728,4.401,1.483,0
62658,1.377,-0.340,12.670,-1.140,5.141,1.285,0
62682,1.638,-0.170,12.857,-1.338,5.859,2.674,0
62706,1.726,-0.192,12.680,-2.140,6.782,0.537,0
62730,1.520,-0.038,12.778,-2.109,8.905,-0.952,0
62754,1.401,-0.053,12.780,-1.438,4.019,-0.471,0
62778,1.336,-0.196,12.898,-1.835,6.744,-0.784,0
62802,1.432,-0.077,12.826,-1.918,11.172,-0.410,0
62826,1.290,-0.010,12.874,-3.728,13.431,-0.402,0
62850,1.211,-0.206,12.622,-6.117,8.752,0.178,0
62874,1.286,-0.254,12.663,-5.460,9.233,1.010,0
62898,1.238,-0.235,12.780,-4.659,8.607,1.239,0
62922,1.310,-0.323,12.744,-2.041,8.828,0.903,0
62946,1.233,-0.184,12.644,-0.720,7.416,0.178,0
62970,1.147,-0.263,12.766,-1.560,6.103,0.331,0
62994,1.190,-0.263,12.661,-2.537,7.011,0.315,0
63018,1.001,-0.359,12.728,-2.613,6.828,0.499,0
63042,1.142,-0.311,12.668,-2.804,4.302,1.453,0
63066,1.113,-0.390,12.711,-3.583,3.279,0.415,0
63090,1.087,-0.357,12.692,-3.422,2.401,-0.318,0
63114,0.991,-0.405,12.747,-2.682,1.386,-0.059,0
63138,0.962,-0.335,12.852,-2.590,2.149,-0.074,0
63162,1.221,-0.326,12.780,-3.033,1.233,0.567,0
63186,1.003,-0.333,12.771,-4.102,-0.592,-0.028,0
63210,1.010,-0.397,12.821,-4.262,-0.981,0.224,0
63234,1.003,-0.517,13.003,-4.667,-0.363,0.972,0
63258,1.046,-0.390,12.780,-3.644,1.531,0.522,0
63282,0.989,-0.448,12.605,-4.415,1.118,0.392,0
63306,1.025,-0.491,12.768,-5.644,1.844,0.644,0
63330,1.039,-0.560,12.857,-6.163,2.172,0.483,0
63354,0.970,-0.532,12.752,-7.079,0.927,0.163,0
63378,0.958,-0.464,12.613,-7.323,0.271,0.231,0
63402,1.015,-0.601,12.689,-7.270,1.294,0.338,0
63426,0.924,-0.589,12.864,-5.331,2.859,0.193,0
63450,0.962,-0.680,12.814,-4.819,2.515,0.766,0
63474,1.135,-0.718,12.673,-6.117,1.050,0.758,0
63498,0.939,-0.804,12.713,-7.041,1.195,0.934,0
63522,0.960,-0.843,12.680,-7.415,3.630,1.262,0
63546,0.948,-0.797,12.689,-6.751,2.447,0.720,0
63570,0.912,-0.821,12.694,-6.980,3.714,1.384,0
63594,0.869,-0.804,12.723,-7.697,3.637,1.941,0
63618,0.986,-0.917,12.732,-8.048,2.943,1.995,0
63642,0.754,-0.876,12.646,-9.109,4.019,0.873,0
63666,0.749,-0.955,12.802,-8.522,5.767,0.934,0
63690,0.919,-0.871,12.696,-7.651,6.691,1.270,0
63714,0.886,-0.922,12.804,-7.308,4.630,0.025,0
63738,0.697,-0.891,12.783,-6.002,3.981,-0.005,0
63762,0.809,-0.907,12.646,-4.926,3.828,-0.425,0
63786,0.881,-0.974,12.785,-5.186,2.844,-1.127,0
63810,0.723,-1.018,12.866,-5.460,3.553,-1.036,0
63834,0.759,-1.118,12.905,-4.896,4.981,-0.593,0
63858,0.862,-0.986,12.797,-4.758,4.042,-0.677,0
63882,0.730,-1.044,12.708,-4.583,0.370,-1.020,0
63906,0.690,-1.094,12.680,-3.277,0.882,-0.158,0
63930,0.713,-1.113,12.696,-2.117,2.355,0.277,0
63954,0.757,-1.125,12.694,-1.705,1.447,0.346,0
63978,0.733,-1.195,12.744,-2.209,-0.187,0.132,0
64002,0.606,-1.137,12.689,-1.918,1.813,0.064,0
64026,0.764,-1.255,12.881,-1.682,2.805,0.560,0
64050,0.749,-1.226,12.864,-0.827,1.141,0.499,0
64074,0.649,-1.274,12.747,-1.483,0.653,-0.219,0
64098,0.713,-1.195,12.780,-1.529,2.401,-0.417,0
64122,0.591,-1.233,12.862,-2.033,2.645,-0.410,0
64146,0.740,-1.188,12.665,-3.346,2.905,-0.188,0
64170,0.565,-1.168,12.649,-4.247,1.256,-0.990,0
64194,0.575,-1.231,12.680,-4.460,3.309,-0.501,0
64218,0.634,-1.243,12.754,-4.766,3.714,0.018,0
64242,0.694,-1.207,12.682,-5.628,1.973,-0.402,0
64266,0.493,-1.329,12.780,-5.178,3.019,-0.356,0
64290,0.476,-1.207,12.546,-4.499,4.500,0.476,0
64314,0.512,-1.281,12.682,-4.583,4.920,0.789,0
64338,0.558,-1.413,12.795,-4.987,3.248,0.331,0
64362,0.486,-1.393,12.787,-3.567,3.210,0.231,0
64386,0.496,-1.355,12.756,-2.857,3.813,0.628,0
64410,0.436,-1.444,12.637,-3.491,3.263,0.667,0
64434,0.453,-1.501,12.656,-3.667,3.149,0.506,0
64458,0.491,-1.425,12.713,-4.109,4.027,0.453,0
64482,0.541,-1.535,12.713,-3.987,4.156,0.231,0
64506,0.383,-1.446,12.735,-4.216,0.966,0.277,0
64530,0.474,-1.523,12.682,-3.819,1.477,0.636,0
64554,0.431,-1.458,12.689,-2.659,2.103,0.178,0
64578,0.426,-1.484,12.732,-2.506,1.737,0.491,0
64602,0.321,-1.583,12.728,-2.873,1.210,0.262,0
64626,0.388,-1.535,12.718,-2.239,1.706,0.209,0
64650,0.381,-1.595,12.807,-2.460,1.897,0.430,0
64674,0.419,-1.528,12.582,-2.438,1.126,0.369,0
64698,0.378,-1.585,12.754,-2.689,1.477,0.163,0
64722,0.275,-1.575,12.821,-2.270,2.882,0.079,0
64746,0.373,-1.544,12.790,-1.941,2.599,0.300,0
64770,0.433,-1.559,12.579,-2.010,1.935,0.231,0
64794,0.359,-1.587,12.627,-2.720,2.782,-0.326,0
64818,0.180,-1.513,12.546,-2.567,5.225,-0.295,0
64842,0.354,-1.575,12.634,-1.529,5.996,-0.280,0
64866,0.297,-1.578,12.716,-1.285,4.790,0.125,0
64890,0.402,-1.618,12.711,-1.514,6.439,0.621,0
64914,0.283,-1.602,12.388,-0.995,5.363,-0.166,0
64938,0.227,-1.611,12.644,-1.369,6.531,-0.730,0
64962,0.160,-1.662,12.823,-3.147,5.485,-0.280,0
64986,0.120,-1.736,12.847,-5.529,3.202,0.109,0
65010,0.105,-1.750,12.797,-5.751,1.492,0.254,0
65034,0.187,-1.755,12.771,-3.522,3.706,0.468,0
65058,0.141,-1.743,12.723,-2.048,4.844,1.300,0
65082,0.110,-1.784,12.589,-2.079,3.897,1.392,0
65106,0.132,-1.738,12.565,-0.949,4.851,1.064,0
65130,0.194,-1.683,12.510,-1.376,4.073,1.262,0
65154,0.091,-1.741,12.634,-2.430,1.134,1.125,0
65178,0.041,-1.731,12.823,-1.751,2.095,0.621,0
65202,0.048,-1.741,12.744,0.517,4.347,1.201,0
65226,0.017,-1.681,12.670,0.456,2.767,1.529,0
65250,-0.014,-1.793,12.598,-1.964,1.592,0.804,0
65274,-0.022,-1.786,12.740,-1.903,3.050,0.407,0
65298,0.014,-1.791,12.586,-1.728,4.477,0.689,0
65322,-0.024,-1.767,12.572,-2.216,3.927,0.354,0
65346,-0.026,-1.800,12.780,-1.758,4.401,0.354,0
65370,-0.074,-1.796,12.871,-0.544,7.340,0.018,0
65394,-0.036,-1.726,12.828,0.776,8.805,0.651,0
65418,-0.060,-1.765,12.601,-0.254,9.004,0.315,0
65442,-0.223,-1.832,12.708,-0.766,5.676,0.277,0
65466,-0.208,-1.817,12.711,-0.399,5.569,0.667,0
65490,-0.218,-1.765,12.718,-0.254,6.317,0.254,0
65514,-0.247,-1.676,12.725,-1.033,5.515,0.697,0
65538,-0.294,-1.767,12.720,-0.918,5.279,0.033,0
65562,-0.280,-1.707,12.677,-1.025,5.355,0.575,0
65586,-0.304,-1.767,12.594,-1.499,5.156,1.071,0
65610,-0.306,-1.788,12.622,-1.499,4.958,0.285,0
65634,-0.345,-1.829,12.641,-1.186,6.134,0.155,0
65658,-0.362,-1.803,12.610,-1.651,5.271,0.170,0
65682,-0.400,-1.841,12.608,-2.483,4.279,-0.501,0
65706,-0.385,-1.796,12.589,-2.827,4.989,0.064,0
65730,-0.453,-1.908,12.610,-3.384,4.630,0.552,0
65754,-0.453,-1.935,12.656,-3.239,4.943,0.651,0
65778,-0.599,-1.925,12.718,-2.506,4.240,0.262,0
65802,-0.476,-1.918,12.622,-1.315,3.874,0.109,0
65826,-0.484,-1.939,12.632,0.059,3.851,0.399,0
65850,-0.500,-1.882,12.637,0.051,4.294,0.315,0
65874,-0.476,-1.954,12.651,-1.041,3.828,-0.364,0
65898,-0.522,-1.896,12.613,-0.980,2.424,-0.692,0
65922,-0.565,-1.894,12.572,-0.529,2.439,-0.608,0
65946,-0.567,-1.858,12.653,-0.285,3.248,-0.517,0
65970,-0.536,-1.872,12.646,-2.064,2.309,-0.020,0
65994,-0.603,-1.939,12.579,-3.064,2.156,-0.509,0
66018,-0.577,-1.951,12.495,-2.247,3.447,-0.127,0
66042,-0.563,-1.951,12.615,-1.613,3.935,-0.127,0
66066,-0.601,-1.973,12.601,-1.712,3.386,-0.127,0
66090,-0.725,-1.980,12.605,-2.056,3.103,-0.196,0
66114,-0.728,-1.970,12.677,-1.819,6.691,0.796,0
66138,-0.548,-1.970,12.562,-1.056,8.225,0.674,0
66162,-0.673,-1.877,12.591,-0.850,6.408,0.193,0
66186,-0.814,-2.073,12.732,-1.201,6.889,0.697,0
66210,-0.869,-1.877,12.481,-0.522,10.134,0.957,0
66234,-0.740,-1.973,12.543,0.272,11.760,1.491,0
66258,-0.848,-1.932,12.711,0.356,10.378,1.315,0
66282,-0.874,-1.992,12.629,-0.483,10.294,1.766,0
66306,-1.171,-1.951,12.610,-0.980,12.042,2.659,0
66330,-0.946,-1.985,12.558,-0.964,15.607,2.827,0
66354,-0.977,-1.899,12.605,-0.995,13.324,1.834,0
66378,-1.140,-2.018,12.632,-0.636,12.905,2.819,0
66402,-1.164,-2.052,12.548,-0.338,14.233,3.056,0
66426,-1.118,-1.973,12.529,-0.132,12.164,1.812,0
66450,-1.192,-1.949,12.505,-0.422,7.378,0.873,0
66474,-1.286,-2.028,12.519,-0.415,5.019,0.980,0
66498,-1.329,-1.958,12.620,-0.254,4.492,0.315,0
66522,-1.238,-1.923,12.613,-0.506,2.187,0.193,0
66546,-1.240,-1.958,12.553,-0.285,0.615,0.590,0
66570,-1.319,-1.937,12.605,0.410,0.210,0.331,0
66594,-1.317,-1.942,12.582,-0.125,0.500,-0.097,0
66618,-1.338,-1.992,12.582,-1.178,1.042,-0.227,0
66642,-1.377,-1.963,12.589,-1.025,1.050,0.086,0
66666,-1.367,-1.973,12.522,-1.117,0.454,-0.257,0
66690,-1.408,-1.994,12.443,-1.041,1.187,-0.143,0
66714,-1.326,-2.023,12.586,-0.499,1.668,-0.143,0
66738,-1.446,-2.018,12.629,0.097,1.943,0.369,0
66762,-1.403,-1.966,12.500,-0.056,2.057,0.621,0
66786,-1.369,-2.081,12.400,-0.254,2.790,0.361,0
66810,-1.420,-2.052,12.543,0.921,3.095,0.247,0
66834,-1.446,-1.985,12.512,0.921,2.874,0.346,0
66858,-1.451,-1.997,12.507,0.669,1.851,0.094,0
66882,-1.425,-2.011,12.534,1.478,2.836,0.781,0
66906,-1.441,-2.023,12.514,1.204,3.454,1.086,0
66930,-1.429,-1.961,12.491,-0.117,1.927,0.605,0
66954,-1.554,-1.925,12.428,-1.193,3.454,0.972,0
66978,-1.571,-2.040,12.522,-0.392,7.592,1.468,0
67002,-1.437,-1.925,12.625,0.891,5.095,0.880,0
67026,-1.614,-1.887,12.567,0.715,2.813,0.995,0
67050,-1.480,-2.033,12.524,1.127,5.126,2.491,0
67074,-1.470,-1.975,12.594,2.020,5.592,2.331,0
67098,-1.506,-2.021,12.469,1.700,4.645,1.659,0
67122,-1.611,-1.903,12.519,1.875,5.866,1.285,0
67146,-1.573,-1.997,12.292,2.456,6.294,2.056,0
67170,-1.604,-1.812,12.361,3.669,6.996,2.544,0
67194,-1.700,-2.014,12.553,1.669,6.401,2.399,0
67218,-1.741,-1.891,12.493,1.952,5.920,1.468,0
67242,-1.724,-1.846,12.534,1.356,3.439,1.323,0
67266,-1.762,-1.903,12.510,0.952,3.042,1.079,0
67290,-1.805,-1.939,12.558,1.433,5.508,1.506,0
67314,-1.808,-1.808,12.503,1.975,6.057,1.415,0
67338,-1.808,-1.860,12.414,0.036,5.011,1.460,0
67362,-1.793,-1.930,12.481,-0.002,7.149,1.613,0
67386,-1.889,-1.846,12.421,0.395,7.240,0.834,0
67410,-1.889,-1.846,12.462,-0.071,5.027,0.590,0
67434,-1.958,-1.913,12.385,0.494,5.866,0.857,0
67458,-1.927,-1.863,12.438,1.257,7.744,1.125,0
67482,-1.966,-1.856,12.548,1.715,6.653,1.338,0
67506,-1.920,-1.805,12.421,0.608,6.210,1.460,0
67530,-2.061,-1.858,12.438,1.181,8.286,1.209,0
67554,-2.016,-1.753,12.479,1.234,6.500,1.667,0
67578,-2.057,-1.820,12.469,0.303,4.095,2.514,0
67602,-2.100,-1.815,12.328,0.532,2.767,1.987,0
67626,-2.037,-1.879,12.450,0.837,3.989,1.415,0
67650,-2.095,-1.762,12.493,0.700,2.813,1.392,0
67674,-2.188,-1.865,12.467,-0.041,2.027,1.354,0
67698,-2.174,-1.844,12.471,-0.308,3.439,1.201,0
67722,-2.085,-1.836,12.424,0.211,3.500,1.186,0
67746,-2.179,-1.911,12.459,1.249,3.447,1.178,0
67770,-2.167,-1.772,12.397,2.005,4.592,1.438,0
67794,-2.162,-1.832,12.459,0.509,3.576,1.041,0
67818,-2.246,-1.875,12.455,0.288,4.080,1.369,0
67842,-2.272,-1.784,12.407,1.875,6.034,1.804,0
67866,-2.334,-1.812,12.433,3.043,5.706,2.544,0
67890,-2.320,-1.812,12.416,3.112,6.912,3.010,0
67914,-2.296,-1.800,12.469,4.402,8.996,3.132,0
67938,-2.313,-1.695,12.311,5.005,7.156,2.193,0
67962,-2.363,-1.626,12.352,3.914,6.782,2.644,0
67986,-2.370,-1.657,12.476,2.738,8.042,3.499,0
68010,-2.476,-1.712,12.440,3.059,10.332,3.926,0
68034,-2.389,-1.623,12.251,4.158,7.256,2.812,0
68058,-2.607,-1.647,12.318,4.914,4.714,2.369,0
68082,-2.562,-1.630,12.311,4.631,6.637,3.041,0
68106,-2.543,-1.571,12.292,3.776,6.324,2.605,0
68130,-2.567,-1.547,12.254,2.906,3.240,2.094,0
68154,-2.658,-1.635,12.376,2.776,3.332,2.064,0
68178,-2.655,-1.472,12.366,4.471,3.500,2.178,0
68202,-2.665,-1.487,12.366,5.326,2.821,1.529,0
68226,-2.650,-1.437,12.402,4.822,1.996,1.682,0
68250,-2.605,-1.458,12.309,4.433,2.828,1.491,0
68274,-2.698,-1.403,12.347,4.356,3.836,1.415,0
68298,-2.643,-1.348,12.304,3.891,1.927,1.201,0
68322,-2.693,-1.460,12.297,3.165,0.897,1.132,0
68346,-2.638,-1.384,12.316,4.211,1.302,1.392,0
68370,-2.605,-1.396,12.428,4.914,3.637,2.285,0
68394,-2.660,-1.264,12.364,5.410,4.294,2.056,0
68418,-2.648,-1.310,12.342,5.112,4.363,1.995,0
68442,-2.686,-1.317,12.208,6.395,3.569,2.560,0
68466,-2.777,-1.276,12.287,7.433,2.744,3.086,0
68490,-2.727,-1.202,12.268,6.959,3.202,2.438,0
68514,-2.789,-1.293,12.325,6.837,3.645,2.590,0
68538,-2.921,-1.180,12.356,7.356,2.500,3.163,0
68562,-2.859,-1.156,12.476,7.257,2.805,3.514,0
68586,-2.816,-1.171,12.440,5.249,2.828,3.125,0
68610,-2.780,-1.144,12.345,3.608,1.920,2.338,0
68634,-2.842,-1.190,12.397,3.524,2.240,1.980,0
68658,-2.909,-1.087,12.297,4.349,3.263,1.964,0
68682,-2.835,-1.049,12.246,4.822,3.676,2.735,0
68706,-2.818,-1.058,12.234,3.509,2.111,1.941,0
68730,-2.868,-1.022,12.359,2.837,1.943,1.758,0
68754,-2.883,-1.022,12.376,3.524,2.050,2.033,0
68778,-2.983,-0.967,12.342,4.303,1.683,2.140,0
68802,-2.938,-1.001,12.368,4.914,1.111,1.460,0
68826,-2.923,-0.888,12.352,6.249,1.981,1.865,0
68850,-2.964,-0.883,12.294,6.311,1.798,1.735,0
68874,-2.947,-0.852,12.359,5.830,1.698,1.598,0
68898,-2.969,-0.792,12.340,4.707,1.821,1.231,0
68922,-2.914,-0.857,12.361,4.326,1.805,1.193,0
68946,-2.974,-0.809,12.435,5.295,1.393,0.926,0
68970,-3.000,-0.831,12.361,5.158,1.645,0.438,0
68994,-2.868,-0.759,12.186,5.204,1.447,1.300,0
69018,-2.964,-0.721,12.340,5.333,0.034,1.483,0
69042,-2.964,-0.737,12.479,4.387,1.286,1.308,0
69066,-2.998,-0.716,12.352,4.005,-0.073,0.522,0
69090,-3.005,-0.735,12.330,5.020,0.683,0.575,0
69114,-3.041,-0.692,12.390,5.051,0.798,0.751,0
69138,-2.998,-0.694,12.337,4.707,1.752,0.682,0
69162,-2.995,-0.563,12.256,4.356,0.607,0.705,0
69186,-3.043,-0.666,12.335,3.402,1.355,0.415,0
69210,-3.045,-0.646,12.380,3.249,1.439,0.346,0
69234,-3.007,-0.649,12.361,3.532,1.592,0.705,0
69258,-3.055,-0.563,12.263,3.173,0.958,0.522,0
69282,-3.038,-0.601,12.328,2.631,1.836,0.277,0
69306,-3.002,-0.567,12.256,2.158,1.660,0.231,0
69330,-2.993,-0.603,12.309,1.501,1.553,0.231,0
69354,-3.084,-0.596,12.299,1.791,1.828,0.445,0
69378,-3.069,-0.558,12.347,2.173,1.744,0.880,0
69402,-3.026,-0.508,12.328,2.562,2.424,0.598,0
69426,-3.091,-0.603,12.328,2.227,2.218,0.812,0
69450,-3.036,-0.520,12.232,3.127,2.523,1.239,0
69474,-3.156,-0.565,12.522,3.631,1.538,1.056,0
69498,-3.129,-0.546,12.407,3.143,1.996,1.254,0
69522,-3.069,-0.474,12.309,2.891,1.782,0.827,0
69546,-3.129,-0.402,12.261,2.914,0.851,1.033,0
69570,-3.105,-0.493,12.311,3.463,1.912,1.163,0
69594,-3.081,-0.369,12.254,3.914,0.164,0.857,0
69618,-3.086,-0.419,12.268,3.494,-0.050,1.315,0
69642,-3.168,-0.472,12.404,2.769,0.622,1.064,0
69666,-3.141,-0.441,12.330,3.601,0.798,0.995,0
69690,-3.100,-0.364,12.285,3.677,0.439,1.170,0
69714,-3.091,-0.431,12.227,2.387,0.302,1.018,0
69738,-3.084,-0.369,12.349,2.333,1.080,0.399,0
69762,-3.077,-0.369,12.277,2.914,0.943,0.850,0
69786,-3.105,-0.297,12.356,3.051,1.317,1.048,0
69810,-3.089,-0.297,12.309,3.097,1.271,1.071,0
69834,-3.132,-0.278,12.294,3.616,0.821,1.170,0
69858,-3.084,-0.306,12.309,2.967,0.981,1.674,0
69882,-3.199,-0.266,12.282,2.921,1.408,1.506,0
69906,-3.163,-0.287,12.340,3.723,0.889,1.132,0
69930,-3.199,-0.251,12.356,4.364,1.332,1.522,0
69954,-3.165,-0.194,12.345,4.616,1.737,1.812,0
69978,-3.194,-0.242,12.309,4.150,1.355,1.865,0
70002,-3.196,-0.170,12.294,4.311,1.439,1.758,0
70026,-3.227,-0.144,12.356,3.769,0.744,1.285,0
70050,-3.141,-0.158,12.306,3.349,1.286,1.071,0
70074,-3.235,-0.115,12.265,4.555,1.088,1.254,0
70098,-3.175,-0.115,12.203,4.379,1.141,0.957,0
70122,-3.177,-0.072,12.227,4.211,0.851,0.995,0
70146,-3.211,-0.122,12.345,4.509,0.828,1.262,0
70170,-3.203,-0.007,12.218,5.517,1.218,0.964,0
70194,-3.160,0.048,12.222,5.303,0.439,0.773,0
70218,-3.235,-0.045,12.287,5.494,1.393,1.552,0
70242,-3.115,0.062,12.251,5.730,0.668,1.483,0
70266,-3.098,0.101,12.218,5.707,0.095,1.506,0
70290,-3.144,0.045,12.232,4.898,-0.523,1.323,0
70314,-3.163,0.041,12.246,5.120,-0.027,1.453,0
70338,-3.421,0.110,12.380,6.303,1.324,1.529,0
70362,-3.311,0.218,12.421,7.448,0.767,2.323,0
70386,-3.227,0.175,12.287,6.028,0.561,2.254,0
70410,-3.237,0.199,12.297,6.387,0.676,2.140,0
70434,-3.239,0.230,12.347,6.753,1.630,2.224,0
70458,-3.237,0.287,12.165,7.898,0.195,2.667,0
70482,-3.203,0.275,12.249,6.440,-0.439,2.407,0
70506,-3.290,0.297,12.397,4.791,-0.508,1.743,0
70530,-3.318,0.316,12.354,4.311,-0.073,1.743,0
70554,-3.223,0.409,12.282,4.624,0.218,1.972,0
70578,-3.270,0.378,12.208,3.616,-0.622,1.705,0
70602,-3.220,0.294,12.242,3.936,0.302,1.789,0
70626,-3.280,0.378,12.340,4.707,0.622,1.804,0
70650,-3.177,0.429,12.263,4.769,-0.294,1.323,0
70674,-3.165,0.453,12.170,4.165,-0.607,1.170,0
70698,-3.220,0.476,12.282,2.379,-0.996,1.056,0
70722,-3.160,0.498,12.280,2.906,-1.057,1.086,0
70746,-3.225,0.462,12.342,4.585,-0.729,0.911,0
70770,-3.127,0.524,12.282,4.448,-1.164,0.819,0
70794,-3.091,0.505,12.158,3.837,-1.798,1.270,0
70818,-3.196,0.517,12.337,4.746,-1.240,1.438,0
70842,-3.247,0.529,12.230,5.830,-0.927,2.048,0
70866,-3.160,0.668,12.232,5.784,-1.302,1.728,0
70890,-3.388,0.649,12.328,5.501,-1.363,0.674,0
70914,-3.182,0.663,12.347,6.562,-0.698,1.781,0
70938,-3.203,0.721,12.366,6.616,-0.149,2.140,0
70962,-3.235,0.622,12.292,4.784,-0.492,1.392,0
70986,-3.191,0.702,12.292,5.341,-0.927,1.178,0
71010,-3.280,0.766,12.359,6.158,0.019,0.888,0
71034,-3.132,0.723,12.237,5.662,-0.866,0.575,0
71058,-3.213,0.809,12.234,5.990,-1.340,0.758,0
71082,-3.194,0.814,12.230,4.860,-1.309,1.193,0
71106,-3.055,0.812,12.256,5.074,-1.370,1.789,0
71130,-3.132,0.848,12.309,5.425,-2.103,1.697,0
71154,-3.122,0.903,12.225,4.921,-1.508,1.644,0
71178,-3.065,0.845,12.280,4.585,-1.233,1.537,0
71202,-3.105,0.986,12.261,5.204,-1.981,1.506,0
71226,-3.081,0.927,12.261,4.532,-1.218,1.773,0
71250,-3.132,0.939,12.263,5.051,0.302,2.071,0
71274,-3.055,0.972,12.206,5.807,-0.347,1.857,0
71298,-3.110,1.006,12.301,5.814,0.172,1.399,0
71322,-3.146,1.068,12.239,5.440,-0.469,1.094,0
71346,-3.151,1.087,12.172,4.990,-0.553,1.354,0
71370,-3.177,1.101,12.206,4.654,0.966,1.407,0
71394,-3.115,1.089,12.232,4.608,0.630,1.209,0
71418,-3.048,1.120,12.246,3.272,-0.874,0.590,0
71442,-3.144,1.137,12.285,1.883,-1.431,0.025,0
71466,-3.132,1.116,12.275,1.165,-1.477,0.102,0
71490,-3.120,1.082,12.285,1.089,-1.378,0.476,0
71514,-3.134,1.152,12.258,1.379,-1.233,0.270,0
71538,-3.098,1.056,12.213,1.501,-1.187,0.392,0
71562,-3.077,1.180,12.237,2.318,-1.385,0.613,0
71586,-3.024,1.195,12.165,2.097,-3.210,1.048,0
71610,-3.005,1.161,12.242,1.158,-4.187,1.270,0
71634,-3.110,1.176,12.464,2.540,-1.645,1.751,0
71658,-3.153,1.171,12.345,3.509,-1.668,1.170,0
71682,-2.974,1.264,12.122,4.288,-2.218,1.033,0
71706,-2.986,1.231,12.206,3.395,-1.279,1.231,0
71730,-3.084,1.199,12.292,3.127,-1.439,1.277,0
71754,-3.048,1.336,12.292,3.753,-1.111,1.293,0
71778,-2.952,1.307,12.117,3.837,-1.561,1.163,0
71802,-3.017,1.267,12.301,4.433,-1.424,1.422,0
71826,-3.072,1.322,12.433,4.891,-0.592,1.216,0
71850,-2.988,1.286,12.285,4.891,-1.905,0.834,0
71874,-2.895,1.331,12.196,5.181,-0.813,0.972,0
71898,-2.990,1.235,12.383,4.998,-0.897,0.544,0
71922,-3.072,1.403,12.208,6.448,0.340,0.109,0
71946,-2.911,1.441,12.122,5.196,-2.187,0.781,0
71970,-2.995,1.377,12.277,4.593,-2.614,0.926,0
71994,-3.026,1.391,12.380,5.883,-1.805,1.193,0
72018,-2.957,1.477,12.297,6.837,-1.202,1.132,0
72042,-2.907,1.626,12.148,6.456,-2.050,1.140,0
72066,-2.851,1.511,12.378,4.471,-2.935,0.407,0
72090,-3.084,1.583,12.325,5.601,-1.614,0.857,0
72114,-2.919,1.628,12.153,5.395,-1.500,1.384,0
72138,-2.904,1.587,12.186,4.578,-1.034,1.224,0
72162,-2.902,1.595,12.244,4.570,-1.073,0.712,0
72186,-2.945,1.587,12.311,4.891,-0.614,0.407,0
72210,-2.823,1.741,12.163,5.104,-1.286,0.499,0
72234,-2.847,1.697,12.230,4.181,-2.851,-0.066,0
72258,-2.983,1.705,12.285,3.776,0.439,-0.219,0
72282,-2.856,1.753,12.158,3.593,-0.202,0.102,0
72306,-2.919,1.738,12.148,2.715,-1.805,0.354,0
72330,-2.842,1.700,12.239,2.898,-2.156,0.132,0
72354,-2.928,1.738,12.256,5.532,-2.996,-0.303,0
72378,-2.921,1.820,12.222,5.440,-1.775,-1.211,0
72402,-3.043,1.791,12.117,4.280,-2.782,0.506,0
72426,-2.902,1.841,12.275,4.112,-1.592,1.109,0
72450,-2.883,1.800,12.191,3.471,-1.706,0.957,0
72474,-2.720,1.913,12.036,2.585,-4.416,0.506,0
72498,-2.828,1.762,12.270,2.295,-3.485,0.842,0
72522,-2.820,1.860,12.282,3.998,-2.943,0.552,0
72546,-2.727,1.834,12.177,3.471,-4.279,0.796,0
72570,-2.689,1.951,12.282,3.814,-3.225,0.949,0
72594,-2.646,1.891,12.196,3.883,-3.210,0.903,0
72618,-2.746,1.939,12.249,5.043,-3.599,0.170,0
72642,-2.701,1.968,12.098,5.188,-3.645,-0.318,0
72666,-2.667,1.944,12.091,3.532,-4.034,0.460,0
72690,-2.672,1.944,12.258,2.830,-4.057,0.002,0
72714,-2.741,1.939,12.361,3.692,-2.042,0.262,0
72738,-2.751,2.014,12.277,4.249,-2.004,0.918,0
72762,-2.655,1.970,12.280,3.860,-1.607,1.033,0
72786,-2.631,1.997,12.182,3.326,-1.279,0.064,0
72810,-2.559,2.083,12.153,3.204,-0.156,0.682,0
72834,-2.672,2.064,12.201,1.990,-1.645,0.170,0
72858,-2.725,1.999,12.206,1.616,-1.034,0.705,0
72882,-2.674,2.014,12.294,2.478,-0.492,1.193,0
72906,-2.591,2.100,12.251,3.104,-0.523,0.537,0
72930,-2.643,2.069,12.189,2.318,-0.821,0.323,0
72954,-2.638,2.138,12.158,2.074,-1.355,0.071,0
72978,-2.677,2.095,12.201,1.685,-0.920,0.155,0
73002,-2.581,2.100,12.208,1.738,-0.645,0.117,0
73026,-2.598,2.090,12.203,2.013,-1.401,0.354,0
73050,-2.605,2.114,12.203,2.463,-1.790,0.293,0
73074,-2.614,2.121,12.270,2.448,-3.118,0.338,0
73098,-2.495,2.121,12.237,2.540,-3.592,0.163,0
73122,-2.631,2.207,12.225,2.524,-3.546,-0.417,0
73146,-2.679,2.136,12.306,2.639,-3.363,-0.059,0
73170,-2.533,2.234,12.239,2.845,-3.981,0.483,0
73194,-2.579,2.193,12.072,2.364,-3.447,-0.356,0
73218,-2.523,2.200,12.179,3.097,-2.164,-0.425,0
73242,-2.454,2.258,12.186,3.387,-2.943,0.018,0
73266,-2.471,2.193,12.160,2.593,-3.882,-0.532,0
73290,-2.435,2.188,12.153,2.891,-3.164,-0.608,0
73314,-2.346,2.356,12.117,2.372,-5.164,-0.990,0
73338,-2.356,2.282,12.218,0.868,-7.286,-0.540,0
73362,-2.404,2.215,12.309,0.280,-5.363,-0.135,0
73386,-2.490,2.179,12.354,1.097,-5.286,-0.853,0
73410,-2.440,2.251,12.289,2.288,-4.271,-0.669,0
73434,-2.385,2.310,12.177,1.906,-4.622,-0.555,0
73458,-2.423,2.263,12.280,2.165,-4.065,-0.578,0
73482,-2.447,2.217,12.333,2.738,-3.210,-0.173,0
73506,-2.243,2.351,12.213,2.104,-3.859,-0.616,0
73530,-2.224,2.234,12.342,1.715,-2.553,-0.601,0
73554,-2.277,2.377,12.249,2.089,-2.989,-0.891,0
73578,-2.251,2.267,12.225,1.089,-3.790,-0.814,0
73602,-2.356,2.327,12.309,1.303,-3.340,-1.127,0
